96
173
82
80
68
98
898
856
1117
854
849
850
897
1147
889
884
885
892
1156
897
898
893
894
895
1156
1147
897
892
895
1151
1163
1156
906
903
904
1154
1412
1147
1156
1151
1155
1153
888
625
632
622
627
623
188
173
359
170
190
171
86
79
188
83
87
84
178
86
189
88
89
85
72
79
86
84
73
23
96
27
90
26
92
25
189
86
188
87
191
88
19
27
82
24
21
22
631
595
856
596
597
598
889
631
634
628
633
629
632
595
631
598
630
395
3581
3541
3589
3544
3584
3540
3632
3622
3608
3611
3610
3623
3571
3521
3529
3520
3528
3519
3574
3579
3531
3527
3530
3576
3571
3591
3548
3545
3547
3570
3609
3608
3579
3580
3578
3612
3618
3609
3581
3582
3583
3613
3618
3632
3609
3614
3613
3617
3581
3589
3618
3586
3583
3584
3635
3641
3632
3634
3633
3631
3548
3494
3485
3484
3486
3497
3571
3548
3521
3522
3519
3547
3558
3599
3561
3560
3557
3559
3622
3591
3608
3592
3611
3593
3622
3627
3599
3600
3601
3621
3267
3271
3140
3138
3139
3266
3156
3283
3153
3154
3155
3157
3264
3156
3127
3126
3129
3151
3278
3378
3380
3379
3279
3280
3264
3278
3156
3158
3151
3260
3264
3366
3278
3277
3260
3261
3380
3466
3458
3459
3382
3383
3283
3380
3368
3371
3281
3282
3378
3465
3380
3381
3379
3376
3458
3466
3529
3468
3461
3459
3408
3458
3455
3460
3407
3375
3368
3380
3458
3382
3372
3371
3374
3368
3458
3372
3369
3370
3283
3156
3278
3158
3284
3157
3531
3579
3529
3533
3532
3527
3632
3618
3635
3620
3633
3617
3637
3632
3641
3634
3639
3636
3637
3622
3632
3623
3636
3624
2655
2494
2505
2487
2502
2488
2822
2655
2679
2652
2681
2653
2669
2499
2655
2496
2654
2500
2686
2854
2848
2849
2683
2684
2504
2336
2510
2337
2507
2338
2334
2504
2505
2508
2335
2333
2336
2347
2510
2344
2337
2339
2691
2855
2688
2689
2687
2690
2520
2516
2691
2515
2517
2514
2688
2520
2691
2517
2687
2518
2510
2347
2520
2345
2509
2344
2162
2164
2347
2161
2163
2165
2336
2162
2347
2163
2339
2166
1952
1958
2162
1959
1954
1955
2480
2650
2516
2519
2481
2482
2347
2164
2341
2167
2342
2161
2520
2688
2686
2685
2513
2518
2336
2150
2151
2148
2155
2156
2311
2119
2122
2121
2131
2118
2325
2311
2472
2313
2326
2314
2325
2142
2311
2139
2314
2141
2855
2691
2817
2692
2814
2690
3010
3153
3134
3135
3015
3012
2855
3011
2854
2857
2851
2853
2981
3127
3011
3013
2978
2980
3531
3465
3523
3463
3524
3464
3366
3263
3363
3262
3362
3259
3278
3366
3378
3367
3280
3277
3264
3130
3263
3131
3265
3132
3401
3476
3450
3448
3387
3400
3393
3478
3479
3475
3397
3395
3393
3391
3478
3388
3395
3390
3396
3393
3479
3397
3398
3392
3294
3391
3393
3390
3295
3292
3181
3294
3301
3293
3183
3182
3289
3384
3391
3386
3291
3290
3169
3289
3294
3288
3171
3170
3169
3167
3289
3166
3170
3168
3384
3471
3391
3389
3386
3385
3478
3542
3479
3473
3475
3480
2993
3141
3071
3063
2992
2994
2917
2993
3064
2920
2919
2916
2997
3141
2993
2994
2991
2998
2844
2676
2841
2678
2842
2677
3008
2844
3004
2843
3006
2845
3008
3144
3001
3000
2996
3005
2830
2828
2997
2831
2832
2833
2828
2665
2836
2666
2834
2667
3216
3319
3324
3320
3215
3206
3273
3202
3141
3145
3143
3188
3273
3374
3308
3309
3276
3270
3591
3571
3608
3572
3592
3570
3416
3324
3319
3320
3321
3326
3579
3574
3609
3575
3578
3576
3571
3579
3608
3580
3572
3573
3571
3529
3579
3533
3573
3528
3202
3071
3141
3063
3145
3074
3149
3273
3144
3146
3147
3150
3001
2836
2844
2838
2846
2837
3140
3271
3149
3148
3137
3138
2686
2505
2504
2508
2511
2512
2854
2686
2688
2685
2693
2684
2679
2505
2686
2512
2682
2503
2848
2679
2686
2682
2683
2680
2822
2669
2655
2654
2653
2672
2848
2822
2679
2681
2680
2821
2848
2989
2822
2823
2821
2847
3010
2848
2854
2849
2852
2850
2841
2676
2671
2673
2674
2678
2822
2841
2669
2668
2672
2820
2989
3004
2841
2839
2840
2988
2493
2494
2656
2489
2490
2491
2493
2327
2334
2328
2330
2329
3380
3283
3278
3284
3279
3282
2655
2499
2494
2492
2488
2496
3149
3144
3008
3005
3002
3147
3001
3144
2997
2999
2995
3000
2836
3001
2997
2995
2835
2837
2844
3008
3001
2996
2846
2845
2676
2844
2836
2838
2675
2677
3004
3149
3008
3002
3006
3007
3149
3271
3273
3275
3150
3148
3529
3466
3531
3467
3532
3468
3455
3529
3521
3520
3456
3457
3455
3458
3529
3461
3457
3460
3485
3402
3408
3403
3404
3405
3548
3485
3521
3483
3522
3486
3494
3416
3485
3417
3484
3418
3408
3374
3458
3369
3375
3373
3368
3271
3267
3266
3268
3274
3402
3319
3308
3307
3310
3322
3521
3485
3455
3447
3456
3483
3416
3420
3324
3327
3326
3419
3485
3416
3402
3406
3405
3417
3494
3420
3416
3419
3418
3421
3308
3202
3273
3188
3276
3203
3408
3308
3374
3309
3373
3311
3319
3202
3308
3203
3307
3204
3455
3485
3408
3404
3407
3447
3319
3216
3202
3205
3204
3206
3153
3127
3156
3126
3155
3016
3267
3134
3153
3135
3152
3133
3368
3267
3283
3269
3281
3268
3140
3134
3267
3133
3139
3136
3010
2854
3011
2857
3009
2852
3153
3010
3011
3009
3014
3012
3134
2989
3010
2986
3015
2987
3283
3267
3153
3152
3154
3269
2671
2676
2665
2664
2501
2673
2499
2671
2665
2501
2497
2498
2494
2499
2656
2495
2489
2492
2669
2671
2499
2498
2500
2670
2669
2841
2671
2674
2670
2668
2505
2679
2655
2652
2502
2503
2841
3004
2844
2843
2842
2839
2822
2989
2841
2840
2820
2823
2848
3010
2989
2986
2847
2850
3140
3004
3134
2990
3136
3003
3140
3149
3004
3007
3003
3137
3574
3581
3609
3582
3575
3577
3454
3450
3523
3451
3452
3453
3541
3581
3574
3577
3534
3540
3609
3632
3608
3610
3612
3614
3640
3637
3641
3639
3642
3638
3640
3625
3627
3629
3630
3628
3627
3625
3607
3605
3606
3629
3599
3598
3561
3562
3560
3602
3591
3599
3558
3559
3556
3594
3591
3622
3599
3601
3594
3593
3504
3518
3443
3444
3445
3499
3498
3504
3426
3427
3428
3500
3420
3498
3426
3428
3422
3423
3494
3558
3498
3501
3495
3496
3561
3518
3504
3499
3502
3512
3558
3561
3498
3503
3501
3557
3548
3558
3494
3496
3497
3546
3548
3591
3558
3556
3546
3545
3598
3569
3561
3555
3562
3563
3627
3607
3598
3603
3604
3606
3637
3627
3622
3621
3624
3626
3637
3640
3627
3630
3626
3638
3554
3595
3549
3550
3551
3552
3442
3514
3511
3513
3440
3441
3607
3595
3565
3566
3567
3596
3599
3627
3598
3604
3602
3600
3625
3595
3607
3596
3605
3597
3355
3352
3248
3253
3247
3351
3064
3071
3212
3072
3065
3066
2917
3064
3068
3067
2918
2919
2917
2827
2993
2824
2916
2825
2828
2830
2663
2661
2662
2833
2828
2836
2997
2835
2831
2834
2656
2828
2663
2662
2657
2659
2665
2676
2836
2675
2666
2664
2656
2665
2828
2667
2659
2658
2656
2499
2665
2497
2658
2495
2993
3071
3064
3066
2920
2992
3144
3141
2997
2998
2999
3142
3144
3273
3141
3143
3142
3146
3325
3212
3216
3207
3214
3208
2830
2827
2663
2660
2661
2826
2993
2830
2997
2832
2991
2829
2993
2827
2830
2826
2829
2824
3511
3565
3505
3506
3507
3509
3569
3511
3514
3513
3515
3510
3569
3565
3511
3509
3510
3568
3561
3569
3518
3516
3512
3555
3598
3607
3569
3564
3563
3603
3216
3071
3202
3074
3205
3073
3325
3216
3324
3215
3328
3214
3212
3071
3216
3073
3207
3072
3213
3212
3325
3208
3209
3210
3068
3064
3212
3065
3069
3067
3325
3336
3227
3221
3222
3329
2926
3079
2923
2922
2924
2925
3213
3227
3083
3085
3086
3211
3228
3340
3332
3333
3229
3230
3257
3220
3332
3217
3255
3218
3226
3336
3228
3231
3223
3224
3227
3226
3084
3087
3088
3225
3083
3227
3084
3088
3089
3085
3213
3325
3227
3222
3211
3209
3336
3340
3228
3230
3231
3337
3504
3498
3561
3503
3502
3500
3340
3426
3425
3429
3338
3339
3332
3340
3425
3338
3330
3333
3355
3257
3357
3256
3353
3254
3079
3220
3075
3076
3077
3080
3332
3220
3228
3219
3229
3217
3121
3075
3220
3076
3118
3078
3336
3426
3340
3339
3337
3334
3420
3494
3498
3495
3423
3421
3374
3271
3368
3274
3370
3272
3402
3308
3408
3311
3403
3310
3273
3271
3374
3272
3270
3275
3565
3569
3607
3564
3567
3568
3505
3554
3490
3491
3492
3508
3212
3213
3068
3070
3069
3210
3420
3325
3324
3328
3327
3323
3336
3226
3227
3225
3221
3224
3083
3084
2938
2936
2937
3089
2928
2773
2932
2771
2774
2772
3347
3236
3243
3238
3244
3239
3425
3426
3504
3427
3430
3429
3514
3443
3518
3444
3517
3446
3357
3332
3425
3330
3356
3331
3325
3420
3336
3335
3329
3323
3416
3319
3402
3322
3406
3321
3431
3505
3490
3492
3432
3433
2926
2769
2928
2767
2927
2768
2762
2764
2923
2763
2759
2760
2619
2762
2787
2761
2617
2618
2600
2602
2764
2601
2597
2598
2619
2600
2762
2599
2618
2596
2619
2447
2600
2442
2596
2443
3059
2912
3055
2913
3056
2914
2899
2901
3052
2902
2897
2898
2907
2912
3053
2915
2903
2904
2908
2945
3055
2943
2909
2910
2907
2757
2912
2755
2904
2756
2786
2945
2908
2910
2783
2784
2594
2749
2757
2750
2592
2593
2939
2777
2798
2775
2795
2776
2748
2589
2615
2584
2612
2590
2908
2748
2786
2751
2783
2752
2749
2589
2748
2590
2753
2591
2615
2777
2781
2778
2613
2614
3243
3106
3116
3103
3107
3104
3352
3243
3248
3245
3253
3246
3236
3106
3243
3104
3238
3105
3096
3100
3237
3101
3097
3098
3243
3116
3248
3115
3245
3107
3092
3106
3236
3105
3093
3094
3092
2963
3106
2960
3094
2951
3431
3344
3347
3341
3348
3342
3505
3431
3438
3434
3436
3433
3511
3505
3438
3436
3435
3507
3490
3549
3489
3487
3488
3493
3565
3554
3505
3508
3506
3553
3565
3595
3554
3552
3553
3566
3490
3489
3415
3412
3413
3488
3431
3490
3415
3413
3414
3432
3554
3549
3490
3493
3491
3551
3415
3411
3318
3315
3316
3409
3415
3344
3431
3342
3414
3343
3411
3415
3489
3412
3410
3409
3318
3344
3415
3343
3316
3317
3314
3318
3411
3315
3312
3313
3232
3344
3318
3317
3233
3234
3200
3232
3318
3233
3195
3196
3200
3096
3232
3099
3196
3091
3201
3318
3314
3313
3197
3198
3194
3314
3189
3190
3191
3192
3194
3201
3314
3197
3192
3193
3052
3194
3189
3191
3048
3049
3052
3053
3194
3050
3049
3051
3200
3318
3201
3198
3199
3195
3045
3052
3189
3048
3046
3047
3426
3336
3420
3335
3422
3334
3504
3443
3425
3424
3430
3445
3443
3442
3355
3358
3359
3439
3425
3443
3357
3354
3356
3424
3514
3442
3443
3439
3446
3441
3569
3514
3518
3517
3516
3515
3511
3438
3442
3437
3440
3435
3438
3352
3442
3349
3437
3350
3228
3220
3226
3090
3223
3219
3257
3121
3220
3118
3218
3119
3357
3257
3332
3255
3331
3256
3249
3121
3257
3119
3250
3120
3249
3111
3121
3110
3120
3108
2944
2945
2786
2784
2785
2946
2781
2944
2786
2785
2779
2780
3092
3100
2944
2947
2948
3095
3116
3106
2963
2960
2961
3103
3236
3100
3092
3095
3093
3102
3347
3237
3236
3240
3239
3242
3438
3347
3352
3345
3350
3346
3344
3232
3237
3235
3241
3234
3096
3055
2945
2943
2949
3057
3232
3096
3237
3097
3235
3099
3200
3055
3096
3057
3091
3058
2781
2939
2944
2940
2780
2782
2610
2777
2615
2614
2608
2609
2440
2439
2615
2435
2436
2437
2467
2632
2636
2629
2468
2469
2628
2467
2636
2468
2625
2470
2308
2301
2457
2302
2310
2295
2628
2456
2467
2453
2470
2454
2798
2628
2636
2625
2633
2626
2610
2456
2628
2454
2611
2455
3347
3438
3431
3434
3348
3346
3344
3237
3347
3242
3341
3241
3248
3249
3355
3251
3247
3252
3347
3243
3352
3246
3345
3244
3116
3249
3248
3252
3115
3117
2958
2791
2956
2792
2953
2793
2964
2958
3109
2957
2962
2952
2802
2636
2632
2629
2630
2634
2964
2802
2958
2799
2952
2800
2805
2636
2802
2634
2801
2635
2798
2805
2963
2803
2796
2797
2939
2798
2963
2796
2941
2795
3092
2939
2963
2941
2951
2942
2781
2777
2939
2776
2782
2778
2777
2628
2798
2626
2775
2627
2802
2632
2791
2631
2794
2630
3355
3357
3443
3354
3359
3353
3352
3355
3442
3358
3349
3351
3249
3257
3355
3254
3251
3250
2791
2621
2787
2622
2788
2623
3226
3220
3079
3080
3081
3090
3111
2956
2967
2954
2968
2955
2938
2932
3083
2933
2937
2934
3079
2938
3084
2936
3082
2935
3079
2928
2938
2929
2935
2930
2938
2928
2932
2774
2934
2929
3226
3079
3084
3082
3087
3081
3075
2923
3079
2922
3077
2931
2447
2619
2444
2445
2446
2443
2605
2602
2433
2431
2432
2603
2602
2600
2447
2442
2429
2598
2926
2764
2769
2765
2768
2766
3079
2926
2928
2927
2930
2925
2923
2764
2926
2766
2924
2763
2923
2787
2762
2761
2759
2789
2901
2743
2907
2744
2905
2745
2733
2737
2899
2738
2734
2735
2894
2733
2899
2734
2895
2736
2731
2568
2733
2569
2730
2570
2572
2577
2737
2578
2573
2574
2636
2805
2798
2797
2633
2635
2610
2628
2777
2627
2609
2611
2802
2791
2958
2793
2799
2794
2301
2458
2457
2460
2302
2303
2117
1899
2112
1900
2106
1901
2288
2097
2117
2091
2114
2092
2456
2288
2308
2294
2307
2289
2103
2096
2288
2093
2102
2094
2288
2096
2097
2095
2092
2093
2444
2283
2447
2280
2446
2281
2283
2269
2433
2265
2282
2266
2447
2283
2433
2282
2430
2280
2287
2269
2283
2266
2279
2089
2112
2113
2304
2107
2108
2109
2112
1897
2113
1894
2109
1895
2270
2433
2269
2265
2267
2268
3109
3249
3116
3117
3112
3113
2964
3109
3116
3112
2965
2962
2963
2964
3116
2965
2961
2966
2805
2802
2964
2800
2804
2801
3111
3249
3109
3113
3114
3108
2963
2805
2964
2804
2966
2803
2967
2923
3075
2931
2969
2921
3121
2967
3075
2969
3078
2970
2956
2923
2967
2921
2954
2806
2958
2956
3111
2955
2959
2953
3109
2958
3111
2959
3114
2957
2632
2621
2791
2623
2631
2624
2787
2923
2956
2806
2790
2789
3121
3111
2967
2968
2970
3110
2791
2787
2956
2790
2792
2788
2459
2621
2632
2624
2461
2462
2287
2113
2269
2090
2089
2105
2621
2449
2619
2450
2620
2451
2449
2298
2287
2284
2285
2297
2458
2459
2632
2461
2463
2464
2457
2458
2632
2463
2465
2460
2467
2457
2632
2465
2469
2466
2467
2308
2457
2310
2466
2309
2304
2459
2458
2464
2305
2306
2298
2113
2287
2105
2284
2110
2304
2298
2459
2299
2306
2300
2304
2113
2298
2110
2300
2107
2769
2605
2773
2606
2770
2607
2928
2769
2773
2770
2772
2767
2764
2602
2769
2604
2765
2601
2899
3045
2894
2896
2895
2900
3052
2901
3053
2906
3051
2902
1828
1598
1827
1599
1824
1600
2241
2054
2048
2041
2047
2049
1833
1607
1828
1608
1829
1605
2944
2939
3092
2942
2948
2940
3053
3059
3194
3060
3050
3054
3100
2945
2944
2946
2947
2950
3237
3100
3236
3102
3240
3101
3096
2945
3100
2950
3098
2949
3059
3055
3200
3058
3061
3056
2912
2908
3055
2909
2913
2911
3059
3053
2912
2915
2914
3054
3201
3059
3200
3061
3199
3062
3201
3194
3059
3060
3062
3193
2907
2742
2757
2746
2756
2747
2901
2737
2743
2739
2745
2740
3053
2901
2907
2905
2903
2906
2899
2737
2901
2740
2898
2738
3045
2899
3052
2897
3047
2900
2894
2731
2733
2730
2736
2732
2757
2749
2908
2754
2758
2750
2912
2757
2908
2758
2911
2755
2742
2594
2757
2592
2746
2595
1827
2044
2048
2043
1825
1826
2449
2621
2459
2462
2452
2451
2298
2449
2459
2452
2299
2297
2444
2619
2449
2450
2448
2445
2287
2444
2449
2448
2285
2286
2287
2283
2444
2281
2286
2279
2600
2764
2762
2760
2599
2597
2433
2602
2447
2429
2430
2431
2605
2769
2602
2604
2603
2607
2787
2621
2619
2620
2617
2622
1878
1880
2096
1871
1872
1873
1646
1878
1879
1874
1644
1645
1651
1880
1878
1873
1648
1649
2097
2096
1884
1881
1882
2095
1892
1887
1879
1661
1875
1885
2096
1892
1879
1875
1876
1889
2103
2098
1892
1890
1891
2099
2290
2439
2277
2272
2271
2291
2288
2290
2103
2104
2102
2292
2456
2439
2290
2291
2293
2434
2467
2456
2308
2307
2309
2453
2610
2439
2456
2434
2455
2438
2277
2440
2276
2273
2274
2275
1892
2098
1887
1886
1885
1890
2439
2440
2277
2275
2272
2437
2073
2270
2269
2267
2069
2070
1117
1163
906
904
905
907
1386
1391
1118
1119
1120
1387
1391
1167
1117
1121
1122
1168
1629
1628
1391
1388
1389
1624
1656
1884
1880
1877
1652
1653
1668
1667
1430
1431
1432
1662
1668
1897
1667
1663
1662
1664
2073
2269
2113
2090
2068
2069
1897
2073
2113
2068
1894
1896
1897
1857
2073
1852
1896
1851
1167
1163
1117
907
1121
1164
1667
1426
1430
1427
1431
1428
1426
1421
1163
1165
1166
1418
1430
1426
1167
1169
1170
1427
1656
1880
1651
1649
1650
1652
1667
1656
1426
1429
1428
1654
1667
1884
1656
1653
1654
1655
1672
1899
1884
1883
1669
1670
1667
1672
1884
1669
1655
1665
1897
1899
1672
1670
1671
1893
1857
1897
1668
1664
1666
1851
2074
2270
2073
2070
2071
2072
2117
2112
2301
2111
2115
2106
1667
1897
1672
1671
1665
1663
1897
2112
1899
1900
1893
1895
1856
1857
1668
1666
1630
1853
2074
2073
1857
1852
1854
2071
2117
2308
2288
2294
2114
2116
1899
2117
2097
2091
1898
1901
2301
2308
2117
2116
2115
2295
2304
2301
2112
2111
2108
2296
2304
2458
2301
2303
2296
2305
1899
2097
1884
1882
1883
1898
1857
1856
2074
1855
1854
1853
1856
1628
1629
1624
1625
1626
2398
2568
2566
2565
2399
2400
2039
2044
1827
1826
1823
2038
1821
2039
1827
1823
1817
1818
1822
1844
2039
1845
1819
1820
1590
1381
1618
1380
1588
1377
2075
2276
2255
2253
2077
2078
2059
2254
2235
2067
2061
2062
2743
2576
2594
2579
2580
2581
2572
2402
2410
2403
2411
2404
2240
2402
2398
2401
2234
2239
2414
2410
2240
2242
2244
2412
2241
2414
2250
2245
2246
2247
2054
2241
2250
2246
2050
2049
2243
2414
2241
2247
2248
2249
2243
2406
2414
2407
2249
2251
2576
2743
2577
2582
2583
2581
603
375
359
361
362
376
644
603
402
403
404
600
861
610
603
601
602
605
1127
1398
1133
1128
1124
1125
875
1127
1133
1124
857
869
875
1138
1127
1126
869
870
900
1138
874
871
872
899
1403
1398
1138
1135
1136
1393
866
1133
1134
1129
862
863
368
174
179
175
180
177
380
368
609
363
377
364
380
334
368
196
364
333
561
575
820
573
559
560
343
327
567
325
338
326
575
343
567
338
565
339
821
575
567
565
566
574
561
340
575
341
560
342
153
52
155
53
154
54
610
375
603
376
601
370
866
610
861
605
858
606
374
375
610
370
371
372
610
609
374
373
371
607
380
609
614
608
378
377
554
380
614
378
555
379
817
554
614
555
611
556
572
380
554
379
557
335
572
334
380
333
335
336
369
374
609
373
365
366
187
375
374
372
192
193
187
189
375
194
193
195
609
368
369
367
365
363
178
189
187
195
181
89
179
178
369
182
183
184
142
77
174
74
143
69
77
72
178
70
75
71
72
86
178
85
70
73
179
77
178
75
184
76
11
17
72
18
14
10
79
17
19
15
20
16
188
79
82
81
78
83
72
17
79
16
23
18
1628
1668
1430
1432
1433
1627
1391
1628
1430
1433
1385
1388
1856
1668
1628
1627
1626
1630
2572
2733
2568
2569
2571
2575
2456
2290
2288
2292
2289
2293
2615
2439
2610
2438
2608
2435
2076
2276
2075
2078
2079
2080
2083
2082
2076
2081
1870
2084
1887
2083
1867
1868
1869
1888
1887
2098
2083
2085
1888
1886
2082
2276
2076
2080
2081
2086
1867
1659
1887
1657
1869
1658
1635
1399
1398
1394
1395
1396
1635
1398
1403
1393
1401
1395
1867
1635
1636
1637
1638
1639
1406
1399
1635
1396
1404
1397
1634
1406
1635
1404
1640
1405
1634
1621
1406
1392
1405
1622
1656
1421
1426
1418
1429
1419
906
898
1117
849
905
896
1421
1416
1163
1158
1165
1411
856
634
631
628
597
635
1156
898
906
896
903
894
897
889
634
633
636
885
1391
1386
1629
1390
1389
1387
1167
1391
1430
1385
1170
1168
1117
1118
1391
1119
1122
1123
2398
2566
2395
2396
2397
2399
2227
2398
2395
2397
2229
2230
2224
2227
2395
2229
2225
2226
2033
2228
2227
2231
2034
2035
2402
2572
2568
2571
2405
2404
1138
1161
1403
1159
1136
1137
875
1133
861
859
860
857
874
875
861
860
616
873
874
1138
875
870
873
871
1636
1635
1403
1401
1402
1637
1134
1116
867
864
865
1115
1399
1134
1133
1129
1130
1131
1399
1382
1134
1132
1131
1139
207
359
173
170
172
208
219
207
173
172
95
204
400
643
402
401
397
398
219
400
207
205
204
203
219
383
400
381
203
214
644
402
643
401
639
404
900
644
643
639
640
641
874
861
644
615
642
616
402
359
207
208
206
360
603
359
402
360
403
362
375
188
359
190
361
186
79
19
82
21
81
20
620
400
383
381
382
399
47
77
142
69
48
49
327
142
329
140
328
141
155
327
343
326
149
150
153
155
343
149
151
154
52
139
155
136
53
51
142
174
329
144
140
143
139
47
142
48
137
50
155
139
327
138
150
136
46
47
139
50
43
44
77
11
72
14
71
12
174
77
179
76
175
74
47
11
77
12
49
13
327
139
142
137
141
138
46
11
47
13
44
1
2054
1833
1828
1829
1830
1834
2048
2054
1828
1830
1831
2041
2055
1833
2054
1834
2051
1835
1612
1809
1580
1577
1578
1613
1601
1612
1373
1374
1375
1602
1839
1809
1612
1613
1614
1808
1601
1832
1612
1615
1602
1603
1358
1601
1373
1375
1359
1360
1331
1358
1373
1359
1332
1111
1097
1367
1358
1361
1098
1099
1367
1609
1601
1604
1369
1370
2057
2029
1839
1840
1841
2030
2250
2057
2055
2052
2053
2056
2228
2029
2057
2030
2040
2031
2398
2228
2240
2232
2234
2233
2227
2224
2033
2028
2034
2226
1580
1803
1572
1570
1571
1579
1331
1580
1572
1571
1333
1334
1809
1803
1580
1579
1577
1581
340
343
575
339
341
344
139
52
46
45
43
51
1572
1575
1324
1329
1330
1573
1323
1572
1324
1330
1321
1322
1331
1373
1580
1376
1334
1332
1832
1609
1833
1610
1836
1611
1108
1367
1097
1099
1100
1109
844
1108
1097
1100
845
846
1105
1368
1108
1110
1106
1107
1832
2055
1839
1842
1837
1838
1612
1832
1839
1837
1614
1615
1601
1609
1832
1611
1603
1604
1368
1609
1367
1370
1371
1372
1833
2055
1832
1838
1836
1835
2025
1802
1803
1804
1805
1806
158
153
343
151
156
152
340
158
343
156
344
157
550
321
561
322
546
323
147
158
340
157
145
146
1108
844
1105
847
1106
846
1812
2029
2033
2032
1813
1814
2055
2057
1839
1841
1842
2052
2057
2250
2240
2252
2058
2056
1094
1331
1056
1057
1058
1095
1367
1601
1358
1360
1361
1369
1803
1575
1572
1573
1570
1574
1802
1575
1803
1574
1804
1576
2733
2572
2737
2573
2735
2575
2566
2568
2731
2570
2567
2565
2398
2402
2568
2405
2400
2401
2029
1809
1839
1808
1840
1810
2398
2227
2228
2231
2233
2230
1812
2025
1803
1805
1807
1815
1809
1812
1803
1807
1581
1811
2033
2025
1812
1815
1813
2026
2228
2033
2029
2032
2031
2035
2224
2025
2033
2026
2028
2027
2577
2414
2576
2415
2583
2416
2240
2250
2414
2245
2244
2252
2402
2240
2410
2242
2403
2239
2228
2057
2240
2058
2232
2040
2055
2054
2250
2050
2053
2051
2029
1812
1809
1811
1810
1814
1060
839
796
797
798
802
542
795
796
799
543
544
1068
1336
1060
1062
1063
1069
1344
1337
1074
1075
1076
1338
1336
1061
1060
1064
1062
1065
1585
1594
1354
1355
1356
1582
1344
1585
1337
1339
1338
1345
1586
1821
1585
1583
1584
1589
1368
1367
1108
1109
1110
1371
1337
1585
1336
1340
1341
1339
534
542
312
310
311
536
313
534
304
302
303
316
795
542
534
536
537
544
550
813
549
551
552
553
1060
796
795
799
800
798
582
796
839
797
583
577
538
542
796
543
539
540
585
529
350
351
352
354
578
585
350
352
353
579
529
781
780
779
530
531
300
529
522
528
297
298
586
781
529
531
532
576
844
586
585
587
588
589
844
833
586
590
589
834
578
350
346
347
348
353
114
300
294
292
115
116
59
60
162
61
62
63
350
300
169
166
167
299
346
350
169
167
168
347
578
582
840
584
580
581
582
578
538
349
541
581
578
840
585
591
579
580
796
582
538
541
539
577
839
1105
840
841
842
843
523
294
522
295
521
296
1060
795
804
801
806
800
900
1161
1138
1137
899
901
644
900
874
872
642
641
643
620
878
618
638
617
355
396
199
200
201
357
889
632
631
630
629
626
625
391
632
393
622
394
419
385
383
384
215
216
235
391
385
388
217
198
1144
1407
1161
1160
1145
1146
878
1144
900
902
880
881
879
888
1143
887
882
876
1892
2096
2103
2094
1891
1889
1646
1879
1659
1660
1647
1644
1646
1651
1878
1648
1645
1643
1416
1651
1412
1413
1414
1415
1416
1421
1651
1420
1415
1411
1156
1416
1412
1414
1155
1157
1156
1163
1416
1158
1157
1154
1163
1167
1426
1169
1166
1164
1878
2096
1879
1876
1874
1872
1421
1656
1651
1650
1420
1419
1884
2096
1880
1871
1877
1881
1422
1403
1161
1159
1162
1400
1646
1422
1407
1408
1409
1424
1646
1659
1422
1423
1424
1647
1422
1636
1403
1402
1400
1425
1847
1860
2066
1861
1848
1849
1844
1847
2059
1850
1846
1843
1860
1865
2075
1863
1858
1859
1634
1860
1847
1849
1631
1632
1634
1865
1860
1859
1632
1641
1382
1406
1621
1392
1383
1384
1867
2076
1865
1864
1862
1866
1659
1867
1636
1638
1642
1658
2082
2277
2276
2274
2086
2087
1867
2083
2076
1870
1866
1868
2083
2277
2082
2087
2084
2088
1879
1887
1659
1657
1660
1661
2098
2290
2277
2271
2100
2101
2083
2098
2277
2100
2088
2085
2103
2290
2098
2101
2099
2104
2421
2585
2417
2418
2419
2422
2425
2576
2406
2408
2409
2426
2262
2425
2406
2409
2261
2263
2235
2262
2406
2261
2236
2237
2254
2417
2262
2264
2256
2257
2585
2594
2425
2427
2428
2586
1822
2039
1821
1818
1816
1819
2235
2406
2243
2251
2238
2236
2039
2235
2044
2045
2038
2036
2254
2262
2235
2237
2067
2256
2066
2254
2059
2062
2060
2064
1847
2066
2059
2060
1850
1848
2075
2255
2066
2065
2063
2077
2417
2425
2262
2263
2264
2420
1827
2048
1828
1831
1824
1825
2243
2048
2044
2043
2042
2046
2243
2241
2048
2047
2046
2248
1089
1352
1344
1342
1090
1084
568
572
821
570
562
563
567
568
821
562
566
564
567
329
568
330
564
331
1351
1116
1381
1113
1346
1112
822
1082
1089
823
824
825
821
822
1089
824
826
827
821
572
822
571
827
570
1083
1116
1351
1112
1077
1078
817
867
1083
848
818
819
614
866
867
868
612
613
1089
1082
1088
1079
1085
823
369
368
179
180
183
367
187
369
178
182
181
185
187
374
369
366
185
192
867
866
1134
862
865
868
609
866
614
613
608
604
1133
1398
1399
1394
1130
1128
861
1133
866
863
858
859
1398
1127
1138
1126
1135
1125
2039
2059
2235
2061
2036
2037
1586
1822
1821
1816
1589
1591
1844
2059
2039
2037
1845
1846
1590
1618
1822
1619
1592
1588
1621
1634
1847
1631
1623
1622
1399
1406
1382
1384
1139
1397
1634
1635
1867
1639
1633
1640
1161
1407
1422
1408
1162
1160
1089
1073
820
828
829
1070
572
554
817
556
569
557
822
572
817
569
815
571
820
821
1089
826
829
830
820
575
821
574
830
573
334
174
368
177
196
176
568
334
572
336
563
337
329
174
334
176
332
144
568
329
334
332
337
330
567
327
329
328
331
325
1607
1598
1828
1600
1608
1597
1609
1607
1833
1605
1610
1606
1365
1598
1607
1597
1362
1363
1354
1365
1104
1101
1096
1353
1594
1598
1365
1363
1357
1593
1354
1594
1365
1357
1353
1355
1336
1354
1104
1096
1091
1335
1061
1336
1104
1091
1059
1065
1585
1344
1586
1343
1584
1345
1068
1337
1336
1341
1069
1067
1068
1074
1337
1075
1067
1066
1354
1336
1585
1340
1356
1335
1821
1827
1594
1595
1596
1817
1621
1847
1844
1843
1620
1623
1827
1598
1594
1593
1595
1599
2406
2576
2414
2415
2407
2408
2044
2235
2243
2238
2042
2045
2417
2585
2425
2428
2420
2418
2255
2417
2254
2257
2258
2259
2066
2255
2254
2258
2064
2065
2276
2417
2255
2259
2253
2260
1865
2076
2075
2079
1863
1864
2066
1860
2075
1858
2063
1861
1634
1867
1865
1862
1641
1633
2440
2421
2276
2278
2273
2423
2748
2615
2781
2613
2616
2612
2585
2589
2749
2591
2587
2588
2440
2615
2589
2584
2441
2436
2425
2594
2576
2579
2426
2427
2421
2589
2585
2588
2422
2424
2276
2421
2417
2419
2260
2278
2440
2589
2421
2424
2423
2441
2749
2594
2585
2586
2587
2593
2781
2786
2748
2751
2616
2779
2748
2908
2749
2754
2753
2752
2577
2572
2410
2411
2413
2574
2414
2577
2410
2413
2412
2416
2743
2737
2577
2578
2582
2739
2742
2743
2594
2580
2595
2741
2742
2907
2743
2744
2741
2747
1365
1368
1104
1102
1101
1364
1368
1365
1607
1362
1366
1364
1073
1344
1074
1076
1071
1072
812
1073
1074
1071
814
808
1089
1344
1073
1072
1070
1090
1088
1352
1089
1084
1085
1086
1351
1088
1082
1079
1080
1087
1083
1351
1082
1080
1081
1077
817
1083
1082
1081
816
818
822
817
1082
816
825
815
614
867
817
819
611
612
867
1116
1083
1078
848
864
1381
1590
1351
1347
1346
1377
1351
1352
1088
1086
1087
1348
1382
1381
1116
1113
1114
1378
1134
1382
1116
1114
1115
1132
1621
1381
1382
1378
1383
1379
1618
1844
1822
1820
1619
1616
1621
1618
1381
1380
1379
1617
1621
1844
1618
1616
1617
1620
1586
1344
1352
1342
1349
1343
1590
1586
1352
1349
1350
1587
1351
1590
1352
1350
1348
1347
1822
1586
1590
1587
1592
1591
1821
1594
1585
1582
1583
1596
1575
1802
1569
1567
1568
1576
1325
1575
1569
1568
1326
1327
1331
1323
1056
1055
1057
1320
1612
1580
1373
1376
1374
1578
1572
1323
1331
1320
1333
1322
1607
1609
1368
1372
1366
1606
1325
1324
1575
1329
1327
1328
1319
1325
1569
1326
1317
1318
1319
1048
1325
1049
1318
1050
1319
1037
1048
1038
1050
1039
866
609
610
607
606
604
1061
839
1060
802
1064
836
1105
1061
1104
1059
1103
837
1105
839
1061
836
837
843
1368
1105
1104
1103
1102
1107
840
582
839
583
842
584
844
840
1105
841
847
838
844
585
840
591
838
588
812
820
1073
828
808
807
813
812
1074
814
809
810
561
820
812
807
558
559
550
561
812
558
547
546
804
795
549
545
548
801
1068
804
813
803
811
805
1068
1060
804
806
805
1063
321
147
340
145
324
148
561
321
340
324
342
322
318
129
321
131
317
132
550
318
321
317
323
320
689
962
708
704
690
691
1052
1048
792
787
788
1051
1241
1048
1237
968
1238
969
966
971
1240
973
964
965
792
1048
971
970
786
787
1052
1325
1048
1049
1051
1053
793
1052
792
788
789
790
1324
1325
1052
1053
1054
1328
1037
1237
1048
968
1038
963
1502
1241
1499
1245
1497
1244
1233
1240
1493
1242
1236
1234
971
793
792
789
786
699
1233
966
1240
964
1234
967
1233
962
966
960
967
959
780
522
529
528
530
524
1040
780
781
779
775
776
785
697
780
533
777
693
1323
1324
1044
1045
1046
1321
1094
1358
1331
1111
1095
1092
833
1094
1056
1058
831
832
833
844
1094
835
832
834
1324
1052
1044
1047
1045
1054
793
966
785
694
782
698
714
978
986
974
713
712
467
714
723
711
468
464
703
978
714
712
700
701
444
703
467
450
441
442
978
1252
986
984
974
975
707
978
703
701
702
705
449
707
703
702
445
447
708
981
707
706
709
710
981
962
1233
959
982
961
978
981
1259
979
976
977
708
962
981
961
710
704
1739
1967
1966
1965
1740
1741
1261
1250
1503
1249
1258
1247
1732
1962
1746
1744
1734
1735
1533
1760
1766
1761
1532
1530
59
28
7
2
8
32
59
109
28
29
32
30
294
300
522
297
295
292
239
259
107
105
106
240
239
444
259
262
240
241
159
114
107
100
55
67
444
467
259
261
262
441
294
444
239
241
242
243
294
449
444
443
243
293
689
780
697
533
692
525
708
707
449
447
448
709
258
101
109
103
110
102
465
258
467
257
466
260
465
461
258
256
260
460
259
258
109
110
111
263
107
259
109
111
108
105
467
258
259
263
261
257
321
130
147
133
148
134
549
795
534
537
535
545
550
549
318
319
320
552
813
804
549
548
551
803
812
813
550
553
547
810
1074
1068
813
811
809
1066
129
130
321
134
131
135
313
129
318
132
314
128
549
313
318
314
319
315
304
124
313
125
303
126
313
124
129
127
128
125
549
534
313
316
315
535
60
59
7
8
9
63
35
60
4
5
6
34
306
542
538
540
307
308
159
162
346
160
161
163
312
542
306
308
309
310
120
312
306
309
121
122
120
304
312
301
122
123
534
312
304
301
302
311
306
538
346
345
305
307
114
169
300
166
116
117
107
114
239
113
106
100
159
169
114
117
67
164
66
159
107
55
56
64
109
66
107
56
108
33
59
162
66
65
57
62
162
120
306
121
165
119
1044
793
785
782
783
791
1323
1044
1040
1041
1042
1046
1052
793
1044
791
1047
790
1241
1240
971
973
972
1246
1048
1241
971
972
970
969
1237
1499
1241
1245
1238
1239
971
966
793
698
699
965
1503
1519
1261
1257
1258
1506
1507
1503
1250
1249
1251
1504
1507
1746
1739
1742
1508
1510
962
697
966
695
960
696
1261
981
1233
982
983
980
1250
1261
1233
983
1235
1247
1493
1250
1233
1235
1236
1248
1493
1507
1250
1251
1248
1494
1259
1512
1252
1253
1255
1263
780
523
522
521
524
526
966
697
785
693
694
695
689
449
523
440
527
446
962
689
697
692
696
691
708
449
689
446
690
448
586
529
585
354
587
532
35
4
41
0
36
6
124
35
41
36
39
37
120
60
35
34
38
58
109
59
66
57
33
30
7
4
60
5
9
3
124
130
129
135
127
42
120
124
304
126
123
118
120
35
124
37
118
38
1502
1240
1241
1246
1244
1243
41
130
124
42
39
40
162
159
66
64
65
163
120
162
60
61
58
119
306
346
162
160
165
305
578
346
538
345
349
348
169
159
346
161
168
164
28
109
101
103
31
29
1502
1499
1733
1498
1501
1497
1732
1502
1733
1501
1736
1500
1493
1240
1502
1243
1495
1242
1732
1493
1502
1495
1500
1496
1962
1732
1733
1736
1737
1735
1962
1971
1746
1743
1744
1960
258
255
101
104
102
253
294
523
449
440
293
296
703
444
449
443
445
442
239
114
294
115
242
113
529
300
350
299
351
298
833
781
586
576
590
778
1097
1094
844
835
845
1093
1056
1040
833
794
831
1043
1040
785
780
777
776
784
833
1040
781
775
778
794
1056
1323
1040
1042
1043
1055
1097
1358
1094
1092
1093
1098
1040
1044
785
783
784
1041
689
523
780
526
525
527
1261
1259
981
979
980
1260
1259
1252
978
975
976
1255
707
981
978
977
705
706
1261
1519
1259
1262
1260
1257
723
465
467
466
468
463
703
714
467
464
450
700
986
993
723
719
725
987
714
986
723
725
711
713
1519
1512
1259
1263
1262
1517
1265
986
1252
984
1254
988
1752
1515
1512
1514
1513
1520
1523
1276
1269
1270
1264
1277
720
992
718
716
715
724
1269
1276
993
996
995
1270
1265
1269
986
985
988
1266
1265
1523
1269
1264
1266
1267
1005
1279
1284
1280
1006
1002
718
992
728
726
717
716
1275
1533
1528
1527
1272
1278
992
1275
1000
999
990
991
1276
1533
1275
1278
1273
1274
993
1275
992
991
989
994
728
992
1000
990
729
726
720
993
992
989
724
722
461
720
718
715
458
459
723
993
720
722
721
719
1000
1275
1279
1271
997
999
986
1269
993
995
987
985
1523
1533
1276
1274
1277
1526
1515
1523
1265
1267
1268
1511
1512
1515
1265
1268
1256
1514
1252
1512
1265
1256
1254
1253
1519
1752
1512
1513
1517
1518
1752
1977
1750
1747
1749
1748
1760
1992
1766
1765
1761
1763
1515
1750
1523
1524
1511
1516
1750
1801
1760
1762
1566
1753
1780
2000
2009
2001
1779
1782
1279
1528
1535
1522
1282
1281
1995
2203
2000
1999
1996
1997
1756
1989
1771
1767
1757
1759
1992
2024
2201
2022
1991
1990
2024
1992
1801
1800
1798
1990
509
765
756
757
510
511
507
509
285
283
284
506
480
507
285
284
282
479
737
764
507
505
508
727
507
764
509
512
506
505
732
1005
737
735
730
733
474
732
472
471
470
476
728
1005
732
733
734
731
1284
1025
1004
1003
1001
1027
1535
1771
1538
1540
1534
1539
1766
1756
1528
1531
1529
1758
1523
1760
1533
1530
1526
1525
1766
1992
1989
1993
1764
1765
1989
1995
1771
1768
1767
1994
1756
1766
1989
1764
1759
1758
1992
2201
1989
1988
1993
1991
748
1010
738
744
741
746
492
493
748
489
495
490
738
492
748
495
741
494
279
493
492
490
280
281
749
1017
1016
1009
753
750
748
749
1016
753
745
747
755
1017
749
750
751
752
1306
1553
1301
1299
1298
1304
1772
1563
1541
1543
1544
1562
480
271
269
270
272
268
461
451
255
252
254
453
723
720
465
462
463
721
474
472
452
265
454
470
451
718
452
457
455
456
258
461
255
254
253
256
465
720
461
459
460
462
452
248
251
245
249
246
451
452
251
249
250
455
255
451
251
250
244
252
461
718
451
456
453
458
474
728
732
734
476
475
718
474
452
454
457
469
718
728
474
475
469
717
1971
1962
2169
1961
1972
1960
2174
1971
2169
1972
2168
1969
1746
1507
1732
1509
1734
1510
1967
1746
1971
1743
1968
1745
1967
1739
1746
1742
1745
1741
1732
1507
1493
1494
1496
1509
2349
2174
2169
2168
2170
2172
1739
1752
1519
1518
1521
1738
1507
1739
1503
1505
1504
1508
1966
1752
1739
1738
1740
1751
1503
1739
1519
1521
1506
1505
2171
1966
1967
1965
1973
1963
1977
1752
1966
1751
1754
1748
1981
1977
1966
1754
1964
1975
1981
2180
1977
1976
1975
1978
2171
1981
1966
1964
1963
1979
2171
2183
1981
1980
1979
2175
2174
2171
1967
1973
1970
2173
2174
2351
2171
2176
2173
2177
2358
2533
2374
2373
2357
2356
2183
2358
2180
2179
2178
2184
2361
2533
2358
2356
2359
2360
1986
1801
1977
1755
1974
1799
1750
1977
1801
1755
1753
1747
1523
1750
1760
1566
1525
1524
1515
1752
1750
1749
1516
1520
1981
2183
2180
2178
1978
1980
2349
2351
2174
2177
2172
2350
2525
2696
2697
2694
2527
2526
2174
1967
1971
1968
1969
1970
2521
2351
2349
2350
2348
2352
2183
2361
2358
2359
2184
2182
2351
2183
2171
2175
2176
2185
2351
2361
2183
2182
2185
2353
2525
2697
2532
2530
2524
2527
2521
2525
2351
2354
2352
2523
2521
2696
2525
2526
2523
2522
2553
2549
2725
2548
2551
2554
2222
2374
2391
2372
2223
2221
2533
2549
2553
2554
2376
2531
2180
2358
2197
2195
2181
2179
2532
2703
2533
2529
2534
2528
2351
2525
2361
2355
2353
2354
1760
1801
1992
1800
1763
1762
2697
2860
2864
2858
2700
2698
269
271
248
112
247
270
269
472
480
473
272
266
452
269
248
247
246
264
452
472
269
266
264
265
1005
1000
1279
997
1002
998
737
1005
1004
1007
736
735
728
1000
1005
998
731
729
3039
3169
3181
3172
3037
3038
2864
3023
2868
2867
2862
2861
2697
2864
2703
2701
2699
2700
2361
2525
2532
2524
2362
2355
2696
2860
2697
2698
2694
2695
2860
3022
2864
2863
2858
2859
3023
3163
3161
3162
3021
3020
3161
3028
3023
3017
3021
3025
3285
3161
3163
3162
3164
3160
3167
3169
3161
3024
3159
3168
2553
2725
2564
2563
2550
2551
3039
3181
3042
3044
3040
3037
3042
2893
3039
2892
3040
2890
2885
3028
3039
3026
2886
2884
3161
3169
3028
3027
3025
3024
3285
3167
3161
3159
3160
3165
3285
3289
3167
3166
3165
3287
3285
3384
3289
3290
3287
3286
3366
3454
3378
3377
3367
3364
3300
3305
3263
3258
3187
3299
3177
3300
3179
3178
3173
3174
3301
3396
3300
3296
3302
3298
3396
3479
3401
3399
3394
3398
3305
3396
3401
3394
3303
3304
3301
3294
3393
3295
3297
3293
1275
993
1276
996
1273
994
1528
1279
1275
1271
1272
1281
1766
1528
1533
1527
1532
1529
1279
1535
1284
1286
1280
1282
1756
1535
1528
1522
1531
1536
1756
1771
1535
1539
1536
1757
1284
1004
1005
1007
1006
1001
756
1017
755
752
754
758
502
756
755
754
501
503
1022
1025
1306
1028
1024
1023
1307
1555
1306
1303
1302
1308
1284
1307
1025
1026
1027
1285
1538
1555
1307
1308
1305
1537
1301
1017
1022
1020
1021
1018
1553
1777
1547
1546
1548
1549
1025
1307
1306
1302
1028
1026
1780
1777
1553
1549
1552
1778
1555
1780
1553
1552
1554
1551
1306
1555
1553
1554
1304
1303
1538
1771
1555
1550
1537
1540
1771
2000
1780
1782
1770
1769
1016
1010
748
746
745
1012
499
749
748
747
496
497
1292
1294
1016
1015
1014
1297
1547
1292
1301
1291
1300
1293
1547
1541
1294
1296
1295
1542
509
502
285
286
283
504
1292
1016
1017
1009
1019
1014
499
502
755
501
498
500
749
499
755
498
751
497
748
493
499
491
496
489
481
274
279
273
278
277
492
481
279
278
280
484
738
518
485
483
487
488
481
492
738
494
486
484
518
770
513
515
516
519
742
518
738
488
743
517
742
770
518
519
517
520
1010
742
738
743
744
740
1010
771
742
739
740
772
2180
1986
1977
1974
1976
1984
2868
3028
2885
2884
2866
2865
2549
2703
2722
2702
2552
2547
3023
3028
2868
2865
2867
3017
3022
3023
2864
2861
2863
3018
3022
3163
3023
3020
3018
3019
2197
2374
2222
2221
2194
2196
2553
2564
2391
2392
2394
2550
2703
2868
2722
2718
2702
2704
2697
2703
2532
2528
2530
2699
2864
2868
2703
2704
2701
2862
2722
2885
2893
2883
2728
2720
2533
2703
2549
2547
2531
2529
2868
2885
2722
2720
2718
2866
2217
2213
2017
2020
2018
2216
2726
2560
2559
2558
2556
2555
2560
2707
2536
2538
2535
2561
2384
2559
2560
2558
2389
2390
2217
2383
2384
2377
2215
2212
2208
2205
2383
2206
2211
2207
2536
2707
2713
2705
2537
2538
3125
3130
3264
3132
3123
3124
2975
3125
2981
2979
2971
2974
2973
2876
2983
2880
2972
2819
2374
2553
2391
2394
2372
2375
2358
2374
2197
2196
2195
2357
2533
2553
2374
2375
2373
2376
2208
2017
2003
2007
2004
2019
2203
2382
2205
2209
2198
2202
2217
2017
2208
2019
2210
2018
2383
2217
2208
2210
2211
2212
2388
2213
2217
2216
2218
2214
2197
1986
2180
1984
2181
1985
2532
2533
2361
2360
2362
2534
2024
1801
1986
1799
1987
1798
2222
2024
2197
2021
2194
2023
2201
1995
1989
1994
1988
1998
2222
2201
2024
2022
2023
2204
2391
2382
2222
2220
2223
2378
2559
2383
2382
2379
2380
2381
2024
1986
2197
1985
2021
1987
3391
3294
3289
3288
3291
3292
2484
2480
2325
2323
2324
2479
2811
2651
2644
2641
2642
2645
2650
2480
2484
2479
2486
2482
2811
2817
2651
2649
2645
2808
2973
2817
2811
2808
2812
2816
2975
2855
2817
2814
2815
2818
2691
2516
2650
2519
2646
2515
1474
1211
1450
1213
1451
1214
1689
1474
1450
1451
1452
1465
1690
1689
1459
1456
1455
1686
1690
1920
1689
1687
1686
1692
1702
1703
1474
1471
1470
1699
1920
1702
1689
1688
1687
1698
1684
1918
1690
1691
1683
1685
1928
1702
1920
1698
1917
1697
1928
1703
1702
1699
1697
1701
1777
1772
1547
1545
1546
1773
2009
2003
1777
1781
1776
2006
2205
2009
2000
2001
2002
2005
2205
2208
2009
2008
2005
2207
1796
1791
1772
1565
1775
1790
2003
1796
1772
1775
1774
1795
2003
2017
1796
1797
1795
2007
2009
2208
2003
2004
2006
2008
2203
2205
2000
2002
1999
2198
1771
1995
2000
1996
1769
1768
2222
2382
2201
2199
2204
2220
2391
2564
2559
2557
2393
2392
2012
1791
1796
1790
1794
1793
2213
2012
2017
2014
2020
2013
2213
2010
2012
2015
2013
2011
2536
2368
2388
2363
2387
2366
2560
2536
2388
2387
2385
2535
2713
2543
2536
2539
2537
2541
2536
2543
2368
2367
2366
2539
2872
3031
2877
2881
2870
2869
2725
2893
2726
2723
2727
2724
3042
3031
2887
2891
2889
3032
3031
3177
3035
3036
3030
3029
2873
2887
3031
2891
2875
2871
2707
2726
2873
2719
2708
2706
2713
2707
2873
2708
2709
2705
2560
2726
2707
2706
2561
2555
2726
2887
2873
2871
2719
2729
3042
3177
3031
3029
3032
3043
2191
2318
2123
2125
2126
2192
2187
2191
2123
2126
1983
2190
2187
2371
2191
2193
2190
2188
2540
2637
2478
2473
2471
2542
2716
2540
2543
2546
2545
2544
2716
2637
2540
2542
2544
2638
2318
2472
2311
2313
2312
2315
2478
2472
2318
2315
2316
2476
2540
2478
2371
2364
2370
2471
2644
2472
2478
2476
2475
2477
2644
2484
2472
2474
2477
2485
2637
2644
2478
2475
2473
2639
2543
2540
2371
2370
2369
2546
2807
2876
2973
2819
2809
2813
2716
2807
2637
2640
2638
2710
2716
2876
2807
2813
2710
2715
2651
2817
2650
2648
2647
2649
2484
2651
2650
2647
2486
2483
2484
2644
2651
2641
2483
2485
2017
2012
1796
1794
1797
2014
2368
2187
2213
2186
2219
2189
1559
1309
1313
1310
1314
1312
1787
1559
1563
1560
1561
1557
1785
1674
1559
1556
1558
1675
1791
1787
1563
1561
1564
1788
2010
2123
1908
1907
1904
1982
771
1010
1033
1008
774
772
1030
771
1033
774
1029
773
770
742
771
739
769
520
918
1180
925
927
917
920
913
1030
1178
1031
912
914
909
913
1174
915
910
908
655
770
913
768
650
651
1435
1446
1179
1181
1182
1183
1434
1674
1435
1438
1437
1439
1559
1434
1309
1311
1312
1436
1559
1674
1434
1439
1436
1556
1446
1180
1179
1184
1181
1185
485
274
481
277
482
275
485
513
290
287
289
291
738
485
481
482
486
487
518
513
485
291
483
516
1678
1684
1446
1447
1445
1673
1435
1674
1442
1441
1440
1438
1914
2130
1905
1909
1906
1910
1908
1914
1678
1681
1679
1911
1908
2130
1914
1910
1911
1912
1684
1690
1453
1457
1454
1683
1446
1684
1453
1454
1448
1447
1918
1929
2132
1932
1919
1915
1678
1905
1684
1682
1673
1680
2122
2119
1929
1930
1902
2121
2130
2122
1905
1913
1909
2127
2130
2318
2122
2124
2127
2128
2123
2318
2130
2128
2129
2125
2132
1928
1920
1917
1916
1926
2142
2132
1929
1932
1931
2133
2311
2142
2119
2120
2118
2139
2321
2132
2142
2133
2140
2135
2157
2164
1958
1957
1956
2159
1922
2134
1948
1949
1923
1924
2321
2341
2157
2160
2158
2320
2325
2480
2321
2319
2322
2323
2142
2325
2321
2322
2140
2141
2472
2484
2325
2324
2326
2474
1223
1486
1226
1227
1225
1228
1477
1696
1461
1460
1463
1464
1729
1934
1711
1710
1708
1727
2157
1958
1948
1950
1951
1956
1952
1934
1729
1727
1730
1936
2151
1952
2162
1954
2147
1953
2336
2151
2162
2147
2166
2155
2150
1945
2151
1933
2148
1947
2151
1934
1952
1936
1953
1935
1721
1939
1945
1938
1720
1719
1713
1934
1939
1940
1714
1715
1482
1491
1711
1489
1483
1479
1486
1482
1713
1481
1485
1480
1230
1491
1482
1479
1232
1231
1491
1696
1724
1693
1488
1490
1461
1491
1230
1231
1229
1462
1724
1948
1729
1731
1726
1723
1711
1713
1482
1481
1483
1709
2341
2164
2157
2159
2160
2167
2480
2341
2321
2320
2319
2343
2480
2516
2341
2340
2343
2481
2341
2516
2347
2346
2342
2340
2150
2152
1945
1946
1947
2154
1187
949
921
922
923
937
1193
1450
1187
1194
1195
1196
934
1193
1187
1195
935
933
930
1192
1193
1188
931
932
1453
1459
1199
1200
1201
1458
1689
1702
1474
1470
1465
1688
1215
950
952
940
942
945
1466
1469
1215
1216
1217
1475
1211
1466
1206
1203
1205
1212
1474
1703
1466
1467
1473
1471
1477
1461
1221
1218
1220
1463
1703
1477
1469
1472
1468
1476
1703
1700
1477
1478
1476
1704
1700
1696
1477
1464
1478
1694
2132
2134
1928
1927
1926
2137
1696
1922
1724
1725
1693
1695
1461
1696
1491
1490
1462
1460
1700
1922
1696
1695
1694
1706
1724
1922
1948
1923
1723
1725
1711
1724
1729
1726
1708
1492
1711
1491
1724
1488
1492
1489
1928
1922
1700
1706
1705
1925
2134
2157
1948
1951
1949
2136
1928
2134
1922
1924
1925
1927
2132
2321
2134
2138
2137
2135
1958
1952
1729
1730
1728
1955
1948
1958
1729
1728
1731
1950
2164
2162
1958
1959
1957
2165
1939
1721
1713
1712
1714
1719
1945
2152
1942
1944
1941
1946
1721
1945
1942
1941
1722
1720
1486
1721
1717
1718
1484
1487
1713
1711
1934
1710
1715
1709
1486
1713
1721
1712
1487
1485
1486
1230
1482
1232
1480
1222
2150
2336
2152
2153
2154
2156
1939
2151
1945
1933
1938
1937
1939
1934
2151
1935
1937
1940
2157
2134
2321
2138
2158
2136
1469
1466
1703
1467
1468
1475
1918
1684
1905
1682
1707
1685
1721
1942
1717
1716
1718
1722
2334
2152
2336
2153
2331
2149
2504
2334
2336
2331
2338
2333
2494
2493
2334
2330
2332
2491
2146
1942
2152
1944
2144
1943
2146
2152
2334
2149
2143
2144
3478
3391
3471
3389
3470
3388
2327
2146
2334
2143
2328
2145
3181
3169
3294
3171
3182
3172
2510
2686
2504
2511
2507
2506
2516
2520
2347
2345
2346
2514
2520
2686
2510
2506
2509
2513
3134
3004
2989
2988
2987
2990
2494
2334
2505
2335
2487
2332
3478
3471
3535
3469
3477
3470
3585
3542
3535
3537
3536
3543
3393
3396
3301
3298
3297
3392
3542
3478
3535
3477
3537
3480
3589
3542
3585
3543
3587
3538
3476
3479
3542
3473
3482
3481
3541
3476
3542
3482
3539
3474
3363
3454
3366
3364
3362
3365
3401
3363
3305
3306
3303
3360
3401
3450
3363
3361
3360
3387
3541
3523
3476
3472
3474
3526
3523
3574
3531
3530
3524
3525
3476
3523
3450
3451
3448
3472
3541
3574
3523
3525
3526
3534
3589
3585
3619
3588
3590
3587
3619
3618
3589
3586
3590
3615
3541
3542
3589
3538
3544
3539
3635
3618
3619
3615
3616
3620
3531
3466
3465
3462
3464
3467
3263
3366
3264
3261
3265
3259
3300
3263
3179
3175
3178
3187
3305
3363
3263
3262
3258
3306
3363
3450
3454
3453
3365
3361
3300
3396
3305
3304
3299
3296
3479
3476
3401
3400
3399
3481
3465
3466
3380
3383
3381
3462
3454
3465
3378
3376
3377
3449
3454
3523
3465
3463
3449
3452
2187
2123
2010
1982
2016
1983
2213
2187
2010
2016
2011
2186
2368
2371
2187
2188
2189
2365
2388
2368
2213
2219
2214
2363
2543
2371
2368
2365
2367
2369
3035
3179
3130
3122
3034
3033
3035
3177
3179
3173
3033
3036
2983
3035
3130
3034
2984
2985
3125
2983
3130
2984
3124
2982
2876
3035
2983
2985
2880
2882
2876
2716
2877
2717
2879
2715
2811
2644
2807
2643
2810
2642
2872
2713
2873
2709
2874
2711
3031
2872
2873
2874
2875
2869
2877
2713
2872
2711
2870
2714
2893
3042
2887
2889
2888
2890
3039
2893
2885
2883
2886
2892
2726
2893
2887
2888
2729
2723
2725
2722
2893
2728
2724
2721
2564
2725
2726
2727
2562
2563
2549
2722
2725
2721
2548
2552
3028
3169
3039
3038
3026
3027
3181
3185
3042
3041
3044
3180
3185
3301
3300
3302
3186
3184
3042
3185
3177
3176
3043
3041
3181
3301
3185
3184
3180
3183
2855
2854
2688
2693
2689
2851
2691
2650
2817
2648
2692
2646
2975
2981
2855
2856
2818
2971
2973
2975
2817
2815
2816
2976
2807
2973
2811
2812
2810
2809
2973
2983
3125
2982
2977
2972
3127
2981
3125
2979
3128
2980
3127
3153
3011
3014
3013
3016
2981
3011
2855
2853
2856
2978
1192
1180
1199
1186
1191
936
1313
1563
1559
1560
1314
1315
1290
1313
1033
1034
1036
1287
1541
1563
1313
1315
1316
1543
1290
1541
1313
1316
1287
1289
1290
1294
1541
1296
1289
1288
1010
1290
1033
1036
1008
1013
1010
1294
1290
1288
1013
1011
1292
1547
1294
1295
1297
1293
1547
1772
1541
1544
1542
1545
1446
1453
1199
1201
1197
1448
1442
1674
1678
1677
1444
1441
1446
1442
1678
1444
1445
1443
1446
1435
1442
1440
1443
1183
1929
1905
2122
1913
1902
1903
2142
1929
2119
1930
2120
1931
1918
1905
1929
1903
1915
1707
1920
1918
2132
1919
1916
1921
1920
1690
1918
1691
1921
1692
1674
1785
1908
1783
1676
1675
1678
1674
1908
1676
1679
1677
1435
1178
1434
1176
1437
1177
2318
2371
2478
2364
2316
2317
2311
2122
2318
2124
2312
2131
2318
2191
2371
2193
2317
2192
2010
1791
2012
1793
2015
1792
1908
1785
2010
1784
1904
1783
2130
1908
2123
1907
2129
1912
1914
1905
1678
1680
1681
1906
1787
1791
2010
1792
1789
1788
1785
1787
2010
1789
1784
1786
1785
1559
1787
1557
1786
1558
1033
1313
1309
1310
1035
1034
1030
1033
1309
1035
1032
1029
1178
1030
1309
1032
1171
1031
1434
1178
1309
1171
1311
1176
1174
913
1178
912
1175
915
770
771
1030
773
767
769
1010
1016
1294
1015
1011
1012
1772
1791
1563
1564
1562
1565
480
285
271
267
268
282
732
480
472
473
471
478
737
507
480
479
477
508
732
737
480
477
478
730
764
765
509
511
512
760
1004
764
737
727
736
762
1004
1025
764
766
762
1003
1025
765
764
760
766
761
1538
1307
1284
1285
1283
1305
1284
1535
1538
1534
1283
1286
1771
1780
1555
1551
1550
1770
1025
1022
765
763
761
1023
1022
1017
756
758
759
1020
765
1022
756
759
757
763
1306
1301
1022
1021
1024
1298
1292
1017
1301
1018
1291
1019
756
502
509
504
510
503
2382
2383
2205
2206
2209
2379
2201
2382
2203
2202
2200
2199
2391
2559
2382
2380
2378
2393
2726
2559
2564
2557
2562
2556
2384
2388
2217
2218
2215
2386
2559
2384
2383
2377
2381
2390
2560
2388
2384
2386
2389
2385
1777
1780
2009
1779
1776
1778
1772
1777
2003
1781
1774
1773
1547
1301
1553
1299
1548
1300
1995
2201
2203
2200
1997
1998
3300
3177
3185
3176
3186
3174
3130
3179
3263
3175
3131
3122
3127
3125
3264
3123
3129
3128
3125
2975
2973
2976
2977
2974
2716
2543
2713
2541
2712
2545
2877
3035
2876
2882
2879
2878
2713
2877
2716
2717
2712
2714
3031
3035
2877
2878
2881
3030
2637
2807
2644
2643
2639
2640
1178
1435
1174
1173
1175
1177
1199
1180
1446
1185
1197
1186
1192
930
925
928
926
932
1221
1469
1477
1472
1220
1219
1230
1221
1461
1218
1229
1202
1210
1469
1221
1219
1207
1208
950
1210
956
954
938
951
950
1215
1210
1209
951
945
1174
1435
1179
1182
1172
1173
918
1174
1179
1172
919
916
913
652
655
653
650
654
918
909
1174
910
916
911
657
645
909
646
658
647
1210
1223
956
955
954
953
1928
1700
1703
1704
1701
1705
1221
1223
1210
953
1207
958
1223
1221
1230
1202
1224
958
1486
1223
1230
1224
1222
1228
1226
956
1223
955
1225
957
1206
1215
949
947
946
1204
918
1179
1180
1184
920
919
672
667
925
670
671
669
657
909
918
911
659
658
667
657
918
659
668
656
645
652
909
649
646
648
672
429
667
426
669
427
913
770
1030
767
914
768
909
652
913
654
908
649
409
652
645
648
406
407
410
655
652
653
412
411
513
770
655
651
514
515
410
513
655
514
411
413
290
274
485
275
289
276
949
1215
948
941
944
947
688
949
948
944
685
687
1193
934
930
929
931
933
1206
1187
1211
1189
1205
939
921
934
1187
935
923
924
1459
1453
1690
1457
1455
1458
1450
1192
1199
1191
1198
1190
1689
1450
1459
1449
1456
1452
1211
1187
1450
1194
1213
1189
672
930
675
679
674
673
409
645
429
425
405
406
228
409
429
405
226
227
410
652
409
407
408
412
290
410
409
408
210
288
290
513
410
413
288
287
925
930
672
673
671
928
667
918
925
917
670
668
429
645
667
424
426
425
645
657
667
656
424
647
1180
1192
925
926
927
936
1459
1450
1199
1198
1200
1449
1450
1193
1192
1188
1190
1196
676
934
921
924
683
684
676
680
934
677
684
681
675
434
433
432
430
436
934
675
930
679
929
682
680
434
675
436
678
435
429
433
230
232
229
428
1215
1469
1210
1208
1209
1216
948
1215
952
942
943
941
1206
1466
1215
1217
1204
1203
1187
1206
949
946
937
939
1211
1474
1466
1473
1212
1214
429
230
228
225
226
229
290
409
228
227
209
210
433
434
230
231
232
432
672
433
429
428
427
431
672
675
433
430
431
674
921
949
688
687
686
922
661
921
688
686
663
666
934
680
675
678
682
677
921
661
660
665
664
666
439
661
688
663
438
437
235
439
236
237
238
233
219
419
383
215
214
220
661
439
419
420
417
437
660
661
421
422
423
665
660
676
921
683
664
662
235
236
199
99
197
238
199
396
391
390
202
200
419
439
235
233
234
420
421
419
219
220
222
418
419
235
385
217
216
234
421
224
416
221
414
223
419
421
661
422
417
418
219
224
421
223
222
218
603
644
861
615
602
600
400
620
643
617
398
399
1143
888
1147
890
891
887
878
879
1144
883
881
877
643
878
900
880
640
638
620
879
878
877
618
621
620
385
625
386
619
387
421
416
660
415
423
414
173
224
219
218
95
97
400
402
207
206
205
397
375
189
188
191
186
194
212
416
224
221
211
213
396
632
391
393
390
392
594
396
355
357
356
358
595
632
396
392
389
395
853
595
594
593
592
599
853
1118
856
855
852
851
96
90
212
91
94
92
595
396
594
358
593
389
625
385
391
388
394
386
879
625
888
623
876
624
879
620
625
619
624
621
235
199
391
202
198
197
82
173
188
171
78
80
96
212
224
211
93
94
224
173
96
98
93
97
1646
1412
1651
1413
1643
1417
1636
1422
1659
1423
1642
1425
1407
1412
1646
1417
1409
1410
900
1144
1161
1145
901
902
1148
1412
1407
1410
1149
1150
1144
1143
1407
1140
1146
1141
1147
1412
1148
1150
1152
1153
1143
1147
1148
1152
1142
891
1407
1143
1148
1142
1149
1140
1144
879
1143
882
1141
883
897
634
898
637
893
636
888
889
1147
884
890
886
888
632
889
626
886
627
383
385
620
387
382
384
856
1118
1117
1123
854
855
634
856
898
850
637
635
595
853
856
852
596
599
82
27
96
25
68
24
