1.35014223e-28
1.998843581e-28
8.172453085e-29
1.067025051e-28
1.91743427e-28
1.037244055e-28
2.073614506e-28
2.977890238e-29
3.417762392e-29
1.026928488e-28
2.032552295e-28
7.509479817e-29
2.092060714e-28
8.058241858e-30
5.80271275e-30
1.836770524e-30
1.772906715e-29
2.535494845e-28
7.526331113e-29
5.100185618e-29
3.4704633e-29
9.60699641e-29
1.514129602e-28
1.899245517e-28
10.48670558
2.125238586e-30
3.838607059e-30
1.108503982e-30
2.541042082
15.94535741
-386
2.8459451e-28
10.69600713
1.540077147e-28
2.513909729e-29
6.929627773e-30
4.149440176e-29
1.069478723e-28
20.68564892
6.03243132e-29
30.08781703
2.04402331e-28
2.533544482e-28
-175.092151
-386
-278.9045301
46.832152
48.70099045
-2.191159418e-30
6.059629001e-30
-1.24963078e-30
3.925126016
14.11546624
-115.2316684
-386
-301.073022
-203.6730132
3.043838171e-28
19.86174412
33.05707858
-7.207688782e-30
13.68927215
5.131900789e-29
3.792113763e-29
26.71327498
37.16146302
72.28864125
1.116729497e-28
1.496175727e-28
81.77170612
50.19464058
52.76804135
46.07371631
-386
-42.3427074
-82.57053611
8.906414227
-128.4391023
-202.5085599
-294.9296583
-319.203232
55.38595352
102.8795833
128.1276454
-8.552064204e-30
-1.026727195e-29
-19.78065436
-3.665736874
-68.55739239
-125.6180844
-386
-176.2159791
-272.8852903
74.17577005
3.13891154e-28
-7.204857622e-30
-7.429059183e-30
8.818441599e-29
53.77063363
25.83192799
1.169799802e-28
118.0134865
87.37295623
166.4027879
2.150768197e-28
2.005367955e-28
4.21599888e-28
170.1754321
147.5004629
99.29197188
140.8489282
145.3644659
-386
-386
-324.292009
-10.67114267
-47.10972505
55.67305276
-101.4335934
-273.8697828
-184.6355108
-246.0968309
124.5097281
185.2941194
224.5538345
-42.84005492
-4.251212355
-9.429677205e-30
-18.12682205
-70.39933848
-107.7841576
-301.9562214
-272.0094906
-183.452837
-315.0813708
4.232130501e-28
1.390729754e-28
4.251978846e-28
-2.850005972e-30
1.396299417e-30
6.133047386e-30
130.1705674
35.4966524
82.19311983
2.122136157e-28
4.389150255e-28
261.4962122
209.5336977
288.3232508
295.7486147
3.627484301e-28
3.256710601e-28
5.264444799e-28
311.2019208
256.7866824
326.5453284
-386
-333.4832641
-386
-331.2038575
-6.547411411
37.54647041
124.1160267
-267.6144465
-86.38616906
19.84959102
-212.7628838
-146.4580796
208.2127392
282.2167384
345.7139894
4.856748981
-19.99708264
-3.626782063
-40.2994983
-61.75981297
-115.344231
-277.3786408
-231.2895365
-183.8554076
-226.2466423
1.859863847e-28
44.52891538
2.646374505e-28
2.932198986
2.404113549e-30
2.907248596e-30
2.015816456e-30
3.092310388e-28
211.2823734
113.534141
2.359468718e-28
4.057904034e-28
2.218715034e-28
537.7089647
459.6458216
354.7044246
352.1447794
19.57274848
403.3885141
466.1223741
5.725651959e-28
4.441823464e-28
4.91064489e-28
508.1495256
-331.2858994
-386
-297.3503277
-300.4528743
-386
-359.361474
-304.7184333
102.5583599
201.916898
100.4580022
-210.1088891
-23.56799159
-117.4553493
456.7773541
299.2654427
452.4178068
384.8752877
12.65468439
17.83534257
0.3076321776
-27.82152807
-83.02036731
-189.986143
-224.1465935
-138.4034696
5.884536117e-28
3.320393159e-30
54.45696684
126.8065279
7.307616244
1.268093153e-28
1.723623433e-29
3.881458662e-30
1.500858305e-29
2.916588104e-28
3.547515305e-28
354.653587
232.9766345
64.0212723
2.122895973e-28
1.123978525e-28
726.6370311
665.9049449
546.9944811
519.55638
23.36501127
48.73663384
56.04638488
562.9666836
655.1927764
2.818574363e-28
6.544727071e-28
5.728637539e-28
4.438883271e-28
3.951676969e-28
6.200633457e-28
784.3911327
-386
-306.3510098
-300.6882986
-217.8512217
-226.2741423
-247.6630547
-386
-316.3927879
294.5826696
198.9264985
108.3701575
-113.4986379
-1.281953837
587.5795579
419.0690205
531.0154621
64.33234687
60.86082966
52.59294348
18.52720906
-37.40082728
-123.5075725
-128.2025572
-34.30087525
264.0458333
166.3559426
5.61016731e-29
4.329625697e-29
4.39466589e-29
2.151260458e-29
1.7987182e-28
78.35490878
77.11378402
440.6121815
174.4536663
1.012487691e-28
1.140150066e-28
5.622000263e-29
689.557498
944.0440769
878.2500588
780.9366922
684.2569456
30.22326487
69.99910151
2.468767211e-28
1.923767339e-28
107.868691
135.9884629
722.3263243
822.2382054
945.043914
3.140669924e-28
7.346692378e-28
74.69324254
126.9444378
3.803951998e-28
6.90027192e-28
4.88370683e-28
1047.685287
-386
-235.2780593
-311.7704562
-129.5400491
-150.1497237
-226.3369762
-386
-305.7692049
426.9138147
310.1247248
238.7551593
145.1737107
7.064692888
677.8809847
579.6163958
48.49128229
129.8224245
131.8301291
108.1456417
58.04540201
-24.24327806
-5.329061659
36.91006102
98.82479882
12.83420387
387.7635317
299.7585279
3.71479624e-29
9.758771962e-29
4.951459304e-29
7.802080961e-29
6.2425605e-29
809.0983962
1.471223253e-28
224.9350686
601.5192546
390.3873125
2.128595447e-28
1.5608019e-28
9.743000027e-29
7.80161191e-30
4.409670151e-29
883.325594
43.72939757
1180.160732
1096.874168
1004.235118
810.3143073
962.2814928
40.31457175
147.0579332
87.16023384
67.6425639
58.41916038
196.8018427
248.5513247
928.7822649
996.7780783
1148.145467
71.66271486
78.22941765
310.8092932
109.8750247
231.8543351
97.43706312
89.98227102
1308.77579
7.778610262e-29
84.76100188
161.6002405
-386
-218.7607149
-307.3988217
-99.2771836
4.734809941e-29
0.9856995868
-2.103761877
-110.3974009
-200.4096079
-386
-306.0331973
-16.31819278
-0.9749868289
534.8991048
392.729154
320.8013869
207.3823746
87.95671498
-3.554557065e-29
-32.95885756
663.5935805
754.3348404
130.2365145
205.806168
218.8891521
184.5994176
208.8221827
129.6941378
232.5873221
216.0833115
542.855893
3.977695846e-29
5.358570269e-29
1.122792514e-28
1.97659677e-28
2.482653709e-28
1.154882165e-28
1.809909199e-28
1.356549557e-28
926.0303005
39.12703072
481.4390149
794.839879
662.8427204
27.03817899
2.79787516e-28
2.617685132e-28
4.088873058e-29
29.59201023
15.75121286
122.9726043
1106.402767
173.6392476
131.1498806
314.064041
676.7999863
1556.550288
1392.692926
1327.928806
1222.562859
580.7633378
1041.928299
1244.945988
110.7939138
205.6741931
181.2790843
307.3040186
393.8210827
1117.792563
1158.259083
1342.260607
244.7890948
207.7946854
176.3801112
190.1846295
534.56604
285.3348782
443.9692132
266.5937476
1520.044652
302.5988522
8.795670117e-29
185.6907783
76.40748148
-386
-306.1186235
-205.4003249
-97.42978039
-3.727935551e-29
-35.14130998
-100.2163152
-218.7823875
-386
56.9554099
5.033953741e-29
7.679352517e-29
389.1731324
516.3665416
319.7691942
178.0256392
-9.40696099e-29
833.8699864
291.5155213
293.2630334
319.3769139
329.3362622
378.095171
369.895753
319.8758472
396.9867913
1.263810059e-28
2.157060769e-28
2.003383104e-28
1.852747194e-28
985.7931791
1093.685934
1.017428919e-28
767.5210259
86.89175694
1031.162773
790.009169
922.9788381
310.2455918
239.7365089
1.945622377e-28
50.90578208
3.000463999e-28
25.27478498
28.43249199
67.40158222
127.2328393
214.8571458
1323.963458
320.2081622
343.3180226
430.1065085
845.8304269
711.7749204
1712.701612
1699.212904
1564.971877
1470.917287
948.5459735
1286.429071
1470.246653
1536.703761
249.5552143
362.2233781
418.7038711
508.400183
529.3184267
1287.006743
1555.676007
1356.717957
490.7556636
438.3055388
300.717292
416.9049633
449.9378232
1015.143977
826.9931173
653.4984798
568.0065201
1754.629328
480.9351198
578.6030727
320.8653706
1.80093143e-28
179.1118012
80.97684047
-386
-213.9271451
-82.80161008
-1.036980853e-28
668.5641084
-162.2616889
-386
77.53026573
8.546811156e-29
525.8126939
195.9606916
348.6913841
139.9789363
-1.301384237e-28
-77.86415129
1028.48772
477.2231254
432.6005484
471.2231442
500.1385757
504.6104301
644.3409967
609.5823068
1194.086506
25.4401389
1081.969011
133.6346481
1225.813756
1118.970047
422.0705013
363.5038286
46.96188647
92.43663321
58.10869711
84.10350262
169.0455895
229.1842822
305.8557903
1612.359949
510.57688
604.4163191
561.6131667
995.2137435
875.5452264
621.9492413
727.3647162
1947.145381
1868.967589
1820.325611
1713.49317
1347.004502
1317.803285
1498.272165
1778.883243
1757.550053
672.184707
423.3813485
522.879596
557.7242908
645.923544
1468.729712
1407.090696
1785.835102
1618.093234
814.4285501
728.1983316
655.2965954
783.3650372
890.7268063
1473.257974
1262.805549
1141.099394
953.1370402
1984.123119
687.5
608.3585943
458.802723
274.7875332
1.186553203e-28
112.3876199
-386
-183.6039662
-1.251701964e-28
-386
-386
687.5
1375
738.997067
715.3833677
-199.9197647
-229.510877
65.65754369
159.3598964
1.831861758e-28
467.7360936
275.4547532
-90.96817221
-8.909080452e-29
1252.865311
662.3505616
603.7200992
635.770004
668.2867729
777.1458241
1156.030198
829.4328751
1333.639819
1295.69175
1375
1429.534843
565.9090524
482.2041185
119.2506626
162.4956354
198.8245043
339.6209328
374.1761272
1861.950006
655.0113544
550.1776494
537.9392475
748.5993132
884.333552
647.7619877
1225.098256
718.7004842
1086.295509
938.6143172
777.5292177
2190.895838
2103.753355
2056.422289
1966.390256
1682.812312
1654.809798
1715.11152
2046.478659
2014.717187
1991.245283
781.7879318
787.4336465
676.4460459
706.1500949
747.0234508
1549.973565
1649.272793
1894.736229
1135.596873
1025.139719
1842.722304
1119.66557
1288.995104
1608.757035
1551.694188
1276.605634
2150.892415
687.5
352.7469136
546.1546937
158.6774587
1.766344642e-28
-386
-220.6327115
-90.70031022
-8.392096379e-29
-225.2564383
-227.7719597
687.5
1303.820774
1375
867.1623863
790.6799333
764.7821185
1210.266683
1015.098319
-115.0066704
-123.1363741
-124.4461122
85.91660895
218.1960467
1.153260227e-28
393.1102195
-42.88992253
-8.782287298e-29
1474.857147
858.8441306
801.3021591
844.7707413
1221.617962
1016.500002
1051.26148
1365.67688
1385.342205
1375
561.2538813
270.0796277
466.4289465
2083.652745
820.3480473
659.7841118
748.4429526
750.4035371
641.0706405
578.3499377
1977.383109
976.9696534
1146.544408
757.4293829
694.7306658
1327.453315
907.2283781
873.8336008
2098.160259
1190.091338
1070.542953
901.2472501
2345.262915
2501.702642
2342.932236
2302.421038
2245.639605
1996.026336
1960.850509
2271.674621
2279.228639
2213.198635
2258.88638
895.8993363
910.7744663
949.6301523
916.7649907
990.2576235
947.1406926
2129.045164
1724.91686
1867.944937
1437.063679
1320.638969
2276.81072
1436.55296
1551.198448
1596.038225
1898.933796
1631.32539
2364.724408
687.5
371.7600799
2.862037626e-28
-185.7930676
-43.49109631
-107.6959187
-8.352253914e-29
-129.4649085
-116.98927
687.5
1252.605833
1375
885.0187639
799.5653632
1063.35313
-59.20020786
-67.69299479
123.5642829
310.3794969
1.769942824e-28
523.0377244
-16.55050656
5.708367065e-30
2.693021636e-29
1507.765945
1699.900094
1076.075262
1033.346735
1289.188228
1269.39118
1493.540639
1484.33346
1375
866.7431047
955.6555278
687.5
2546.230646
1114.163965
687.5
2186.601231
2378.849532
1202.632716
1401.183551
803.871015
727.5353833
687.5
1291.009209
1361.91285
1459.269891
1840.26315
1858.388824
1900.681161
1065.280041
1093.158308
1071.10926
2401.122369
2561.981897
2365.086904
1214.379202
886.7569559
1054.827565
2585.68452
2765.852878
2741.727909
2554.053162
2488.649226
2494.979607
2444.019276
2323.504458
2503.437362
2507.076271
2497.570823
1058.606489
1052.627792
1092.368949
1208.728448
1155.418514
1291.67335
1726.463171
1167.73652
2167.577595
2001.409521
1637.809915
2766.920912
2323.83328
1841.836217
2008.779772
1939.029789
2576.236574
687.5
303.4250584
3.219942609e-28
5.832996029e-30
-79.92078096
-43.91840303
-11.85096422
-63.48051816
-50.91142897
2.065045698e-29
12.25740853
2.318031165e-28
1.389144507e-28
1.550439226e-28
687.5
1175.55004
1375
906.069097
-26.77320683
-29.59545452
-11.97490472
178.0558693
437.2698204
2.942025696e-28
687.5
1.449504066e-28
1.34750407e-28
4.203528445e-29
17.08996733
45.50067344
1599.789784
1776.123841
1673.539343
1949.708617
1850.938183
1318.696049
1501.784856
1647.304127
2062.5
1585.907254
1849.37774
1375
2607.291643
2724.319007
1894.179268
1433.238678
1647.313639
1446.026019
1976.69588
1939.849363
767.1357855
687.5
1327.799097
1373.872685
1299.808629
2386.535591
1991.59323
1982.928139
2000.911319
2422.854237
1213.680115
1245.09361
1284.774149
2591.673049
2676.919893
2941.027142
2968.798582
2720.994364
1496.851601
1247.519135
873.2536666
1132.115775
3012.812148
2874.987018
2984.929739
2803.194515
2715.167252
2718.115086
2745.837533
2679.615151
2725.406153
2764.063823
2776.723432
1255.686258
1312.479595
1431.043692
1378.003441
1550.72066
1974.63518
3240.15715
1397.173341
2296.823916
2144.124615
1934.659702
3046.960278
2752.738446
2124.428828
2267.170833
2223.406914
2837.776401
1546.580695
687.5
687.5
475.1700336
202.3364401
624.6117263
687.5
687.5
4.410687231e-29
-25.04346545
-20.38537166
-16.90648708
31.68266865
52.03817451
90.86900257
133.8876506
112.7313166
687.5
687.5
1375
687.5
1070.477857
687.5
1375
1.084054207e-28
2.197695193e-28
3.280604749e-28
2.288694943e-28
319.4993296
687.5
116.9734875
79.04254499
60.14693646
109.984254
1667.249747
1884.275748
2062.5
1799.235839
1910.424469
1975.001524
1628.554733
1776.057126
2062.5
1732.8327
1375
1635.972388
1830.692687
2062.5
1375
1375
2062.5
1375
2062.5
687.5
1375
1375
2789.496338
2587.341769
2052.014454
2062.5
2514.360138
2582.117518
2684.44434
1390.093744
1480.135148
1444.99953
687.5
687.5
2753.520941
2875.885364
3028.920822
3175.971465
3141.716418
2980.154149
3403.926394
3150.509662
1375
1375
1015.580456
3250.85715
3127.373839
3013.483379
3230.276091
2965.738904
2923.689497
2971.042482
3002.726788
3015.118815
2995.566753
1519.856131
1546.675791
1666.8666
1593.906346
2029.525265
1853.781987
2246.953308
3762.861108
3586.135374
1674.287574
2492.069217
2156.843203
2330.039362
2242.455036
3207.477682
2443.101555
2678.880974
2516.371462
3068.405447
1809.742507
545.4692721
350.9895523
593.9724592
657.7519751
723.8060794
692.52691
1.02259335e-28
2.816960421e-28
2.088481348e-28
85.08566066
176.3722992
243.9732892
771.5065986
833.1338898
1027.860871
1375
1228.327165
47.41650155
45.8544493
218.0328563
453.619946
210.6188727
127.5603298
175.4235114
2062.5
1729.029384
2062.5
1911.118635
1992.452396
1903.041348
1965.752952
1375
1375
1375
1375
2062.5
1669.88148
1375
2986.819527
2062.5
2649.652659
1863.090641
2741.60928
2634.108758
2625.43759
2750
2684.147483
1649.259135
1625.811002
1664.422706
557.8888248
687.5
687.5
2790.398597
2887.579488
3039.237653
3181.596491
3388.084939
3348.301086
4239
3297.395658
3849.335226
3531.683696
1375
1375
2062.5
1065.456406
3449.138043
3477.572151
3364.776246
3232.677017
3287.624908
3367.613699
3151.941739
3208.37423
3234.528623
3244.203627
1818.686629
1783.774448
1791.439138
2179.693445
2093.969932
2521.176404
4239
3746.101021
1955.813822
2547.115563
2277.402585
2473.406995
3375.021457
2795.588499
3065.822038
2766.263458
3239.702334
2130.906299
802.6966019
472.441857
633.2325112
746.6035079
66.06112051
60.88047363
173.8542991
332.4273128
909.2176323
1037.390617
1177.56569
1288.120293
125.2031259
137.7016343
412.4476681
347.7203441
255.9704929
2062.5
1659.90979
2062.5
2013.231058
2059.716532
2104.534211
1329.103349
1372.667279
1410.425385
1448.825124
1470.369275
2062.5
1871.69266
1613.824607
2750
2021.33584
2750
2750
2750
2750
2750
1849.163992
1866.564205
584.496051
1928.760827
919.1892654
687.5
687.5
2750
2859.356732
3030.985748
2267.232389
3342.217618
3581.072009
3580.466714
4239
3463.496714
3651.06994
3911.89678
1375
1375
1246.353375
2062.5
1085.319274
2062.5
3550.105812
3663.855093
3684.06807
3581.543116
3477.581463
3462.350901
3532.662493
3381.321189
3416.573648
3494.128254
2084.833861
2082.291023
2007.585763
2059.484261
2393.341676
2243.95451
2749.180975
4239
3832.44172
2255.00447
2750
2408.421648
2707.012351
3476.314857
3014.982292
3203.41209
2990.958881
3440.105696
3220.78157
2413.494978
2437.657639
880.5008797
543.9458326
751.5410164
195.0079765
366.8294698
1073.711952
1238.662439
296.1912166
550.1967274
468.3230437
1850.240314
1570.486549
2062.5
2134.14307
2269.991269
1332.915515
1428.338655
2062.5
1501.981066
1571.57923
1953.492635
1770.520821
2072.414045
636.1476381
784.0384044
688.4045129
691.2904171
2154.032863
890.149411
948.3942908
687.5
687.5
2750
2951.96537
2444.775289
3560.014635
2613.523072
3767.640517
3803.078984
4239
3729.524846
3963.540502
1375
1375
1267.916883
2062.5
1164.179001
1473.259137
1957.847932
2062.5
3729.857486
3826.430225
3873.54331
3761.097622
3587.964914
3659.758593
3703.791405
3680.634943
3738.486139
3597.349895
3618.844479
3789.51647
2567.895239
2302.564757
2310.289836
2241.616247
2301.199888
2465.683894
2962.110731
4239
3880.590874
2472.406582
2963.112025
2750
2530.053512
2297.369491
2827.552244
3578.387049
3229.270742
3319.18915
3173.909171
3473.917299
3127.712919
2597.902811
2648.970538
972.3651425
701.7383232
441.5215156
1235.98869
641.9139259
705.1359218
1787.386806
1619.373706
2430.902239
2062.5
2214.847949
1441.202235
1552.094164
2062.5
1692.740868
1981.48982
1876.189612
761.3831647
781.6955452
853.0672807
726.7602789
2378.282217
815.6882345
1045.214969
687.5
2750
2586.748167
2554.133994
3911.319844
3759.702902
1313.394225
1422.688629
2685.553619
3971.933426
4034.406106
4239
4000.30445
1375
1340.488589
1375
3857.813539
2674.952689
2618.986491
2062.5
1245.83074
1536.899712
1929.10994
2062.5
3897.400404
3904.280929
4004.24244
4067.937195
3926.963719
3883.953144
3779.504788
3967.355946
3876.252947
3872.449459
3920.193748
3825.245737
4024.295188
2678.349688
2181.945217
2492.280546
2513.427258
2492.380789
2561.867938
3182.624612
4239
3935.883175
3032.764173
2664.484696
2799.202108
3186.069719
2750
2578.623797
2750
2384.586121
2917.157325
3683.539841
3402.025238
3516.960156
3390.750394
3548.685208
2701.662205
2731.949772
2865.767226
1108.89003
833.0317814
1435.318589
1039.919817
1768.000033
2329.692067
2562.812476
2062.5
1718.170501
2034.682831
2062.5
2062.5
1898.128425
1984.901965
2062.5
2062.5
2062.5
1423.746022
1376.542483
2669.430195
4091.369148
3922.571399
1415.481738
2785.868347
4239
4239
4239
1375
2750
4239
4239
2750
2750
2750
2062.5
1405.445945
1634.142106
2062.5
2150.65129
2020.368678
1948.987783
2062.5
4065.99357
4081.542101
4239
4239
4059.993718
4040.973072
4239
4066.558951
4239
4084.112922
4060.602318
2750
2263.100472
2694.520022
2681.247605
2764.359568
3389.840663
4239
3979.136326
3172.743966
2552.708062
2865.216244
2978.779305
3360.098174
2750
2750
2668.23451
3409.455959
2445.773805
3015.000793
3772.886993
3610.679674
3597.838387
3096.311786
4239
2746.69431
2793.227539
2871.220701
3021.249283
1753.152867
1417.907237
1902.848283
2750
2425.797076
2025.011389
2140.475279
2067.275595
2117.116405
2052.570487
2286.114695
2199.546271
1758.749147
2176.12853
2098.654844
2054.353714
2050.870115
4239
4239
4239
4239
4239
2750
2329.064912
2120.85018
2980.532625
2874.628753
3570.737531
4239
4015.86492
3237.093897
3406.420002
2615.646262
3010.332938
3088.776067
3178.507199
2494.219411
3183.710872
3537.686577
2750
2750
2711.898867
3670.151942
2575.985363
3197.635347
3309.225953
3757.759343
3827.867204
3239.903348
4239
2750
2860.474224
3026.495385
2032.199866
2112.817561
2750
2546.038048
2279.494075
2228.240113
2237.815467
2161.194144
2400.447519
2331.704364
3116.248622
3731.681859
2495.912258
4239
4049.04529
3564.415706
3422.793825
2679.757022
3362.327565
3232.973232
3304.637101
2602.736322
3036.713462
3290.203313
3666.60637
2750
2750
2731.572943
3734.302844
2669.197809
3487.408127
3365.349493
3512.45756
3922.173495
3244.949296
3465.891984
4239
2750
2965.287589
2404.183433
2750
2612.511287
2451.160174
2379.902666
2537.978686
3530.83968
3860.559829
3967.736075
2579.566645
2893.646403
4084.952705
4239
3553.13201
3743.977358
3654.778959
3358.233293
2719.665962
3522.26356
3448.450356
2661.758678
3033.892679
3096.034315
2750
2750
3868.260642
2750
2750
3635.873463
2717.348401
3694.556696
3691.5526
3594.023077
3698.381314
4092.487395
3230.766532
3647.567117
4239
2750
2577.790707
2750
2663.586673
2624.826579
2569.416623
4027.99074
2647.523604
2872.882988
4239
3090.034781
4239
3763.532323
3849.038108
3188.61886
2750
2818.313082
3713.309733
3663.261971
2763.774045
2701.949337
2920.499538
2972.282378
2832.784143
4000.211306
2750
2750
2750
3210.461832
3532.990662
2750
4239
3943.329059
3874.980921
3862.258848
3873.633023
3815.458518
3879.284107
4239
3620.972809
2689.256433
3591.449109
4239
2750
2662.687065
2750
2701.931746
2674.129427
3975.661028
2968.87859
2837.710622
3861.51362
2796.613651
2727.850699
2813.738061
2859.504894
4098.829843
2750
4239
2841.215796
2984.96897
2809.093322
3173.345727
2750
4239
4056.175451
4051.710873
4057.439304
4035.012835
4056.411265
4239
4239
3201.363463
2719.106006
4239
3407.166728
2750
3577.050973
2750
2721.603549
2750
2729.113963
2843.529015
2933.982
2982.79295
2815.657484
4239
4239
4239
4239
4239
4239
3769.934696
2951.495275
3163.540747
2750
3638.816929
3118.188767
2750
2840.310351
3310.229486
2750
2750
2750
3652.322418
2989.476538
2795.466765
2764.792626
2910.469638
3236.311215
3028.438366
3274.365909
2845.367353
3014.245861
2750
2802.10065
2750
2881.619521
2915.968535
3058.590741
2818.893011
2871.938166
2750
2750
