906
905
899
1004
906
899
1004
1008
906
906
1008
1009
1009
909
905
906
1009
905
1008
1114
1009
1111
1008
1004
1111
1204
1114
1111
1113
1204
1205
1113
1112
1114
1012
1009
1114
1008
1111
1206
1114
1204
1206
1207
1115
1123
1112
1021
1212
1123
1122
1127
1212
1122
1127
1216
1212
1205
1112
1123
1296
1205
1213
1297
1296
1380
1294
1297
1379
1207
1206
1297
1206
1204
1296
1297
1206
1296
1294
1207
1297
1202
1294
1295
1202
1201
1294
1108
1107
1202
1003
1108
1110
1107
1201
1202
1001
1107
1002
1105
1201
1107
1105
1106
1201
1116
1011
1010
1204
1205
1296
1204
1113
1205
828
829
923
914
923
1020
915
916
1021
1006
1021
1112
1006
1112
1113
1007
1113
1111
1005
1007
1111
1005
904
1007
1006
915
1021
815
810
728
1005
900
904
1004
1005
1111
901
813
811
1004
902
1005
1004
899
902
901
811
812
1005
901
900
902
813
901
903
915
1006
916
1020
1021
914
916
915
914
1020
916
813
902
899
902
901
1005
790
702
701
392
394
324
477
476
562
563
477
562
563
478
477
393
394
478
392
476
394
398
480
396
643
562
642
725
643
724
477
478
394
564
563
643
564
479
563
481
480
398
397
481
398
565
564
644
479
564
481
479
478
563
397
479
481
476
477
394
397
398
337
344
397
414
344
395
397
562
643
563
565
480
481
564
565
481
642
724
643
564
643
644
901
812
900
726
811
813
812
810
900
725
812
811
725
724
812
644
643
725
642
723
724
723
810
724
728
723
646
904
900
815
903
904
815
1006
1007
904
725
726
644
810
812
724
811
726
725
727
646
645
814
728
727
739
823
814
727
739
814
727
738
739
903
815
814
904
903
1006
815
728
814
1113
1007
1006
900
810
815
810
723
728
727
645
652
823
738
822
903
823
915
823
739
738
646
727
728
652
738
727
823
914
915
903
814
823
652
737
738
568
652
645
737
744
822
828
923
914
822
744
828
745
829
828
744
745
828
822
738
737
914
822
828
914
823
822
568
651
652
576
575
659
658
576
659
658
651
576
652
651
737
568
484
567
737
658
744
744
659
745
576
651
567
744
658
659
737
651
658
567
483
482
402
484
401
329
402
401
483
484
402
482
483
400
567
484
483
492
567
482
651
568
567
483
402
400
400
402
329
269
328
268
269
329
328
492
575
567
567
575
576
401
328
329
411
404
410
404
411
403
486
404
485
411
482
403
492
411
410
492
482
411
400
327
399
269
327
329
211
269
268
210
208
211
333
334
274
399
326
334
482
399
403
327
326
399
329
327
400
269
267
327
266
273
326
208
266
211
215
273
266
267
326
327
211
267
269
211
266
267
177
180
134
205
177
157
207
205
262
322
264
263
228
177
207
262
322
263
284
283
228
323
324
393
325
323
393
265
264
323
228
207
263
322
324
264
281
341
340
179
229
226
285
341
282
343
285
283
345
417
341
207
177
205
323
264
324
344
418
419
395
344
325
393
395
325
479
397
395
414
418
344
284
228
265
283
284
343
263
207
262
265
263
264
265
228
263
417
415
340
228
227
177
420
497
417
495
496
415
133
176
130
56
55
92
285
229
283
133
132
179
175
130
176
91
56
92
178
134
180
157
177
134
130
129
89
91
130
89
175
174
130
206
262
205
206
157
156
156
157
134
226
225
176
179
226
176
282
341
281
345
341
285
225
280
224
282
281
226
340
280
281
417
340
341
415
416
338
227
180
177
229
227
283
229
180
227
226
229
282
179
178
229
495
415
417
224
278
222
225
281
280
175
225
224
175
176
225
340
338
280
415
338
340
416
376
339
496
416
415
279
309
251
416
339
338
376
310
309
174
129
130
458
377
376
172
129
174
131
112
134
178
131
134
132
90
131
112
156
134
131
178
179
90
112
131
55
56
45
54
55
30
54
90
92
51
85
49
28
51
49
29
52
51
47
29
24
87
85
51
52
87
51
86
125
128
161
160
116
206
205
157
252
310
306
251
309
252
339
376
309
278
280
338
416
458
376
128
126
87
172
128
125
173
126
128
131
179
132
133
179
176
92
132
133
91
92
133
130
91
133
89
56
91
55
54
92
92
90
132
125
129
172
173
128
172
86
88
125
86
74
88
53
75
43
88
53
89
88
74
53
52
46
81
53
43
56
75
77
43
115
75
74
76
115
74
116
160
118
117
161
115
117
162
161
43
45
56
89
53
56
77
78
43
80
113
73
164
167
120
114
158
113
45
30
55
30
45
44
126
127
85
86
128
87
173
127
126
88
89
129
125
88
129
74
75
53
171
127
173
44
45
79
121
80
79
80
121
114
44
79
73
79
120
121
73
79
80
45
78
79
78
77
118
79
78
120
45
43
78
28
49
25
16
28
25
16
24
28
28
24
29
21
38
19
21
40
38
122
117
81
47
66
83
66
40
69
83
66
103
124
83
103
148
124
103
148
170
124
82
47
83
47
24
38
46
29
47
117
76
81
52
86
87
46
52
29
76
86
52
81
76
52
82
81
46
82
122
81
117
115
76
38
40
66
47
38
66
24
19
38
82
46
47
16
19
24
32
59
40
21
32
40
21
33
32
76
74
86
162
117
122
162
212
161
83
123
82
170
169
124
199
218
170
149
199
148
149
200
199
220
221
170
213
270
271
168
213
162
168
219
213
170
221
169
405
336
412
219
276
270
277
336
276
221
277
276
169
221
219
220
277
221
167
217
166
216
167
164
216
217
167
217
216
274
215
217
273
215
163
166
326
267
266
166
119
121
167
166
121
217
215
166
163
119
166
208
163
215
208
159
163
159
158
114
158
159
209
167
121
120
114
113
80
119
114
121
119
159
114
164
165
216
78
118
120
120
118
164
168
122
123
169
168
123
219
270
213
168
162
122
212
160
161
160
212
165
164
160
165
116
75
115
161
116
115
118
77
116
164
118
160
77
75
116
29
51
28
69
40
59
58
93
59
103
66
69
93
108
107
59
93
69
70
108
93
57
72
42
42
72
70
378
431
354
545
460
461
623
706
660
577
585
660
622
545
625
545
543
460
708
635
717
622
625
707
623
622
707
543
545
622
545
462
544
607
571
529
332
406
407
271
332
272
271
331
332
405
412
447
330
405
406
330
336
405
460
378
461
493
431
506
378
312
379
413
354
431
335
277
275
330
276
336
447
489
405
331
270
330
406
331
330
271
270
331
216
214
272
270
276
330
58
33
42
107
69
93
153
107
108
103
69
107
123
122
82
124
123
83
169
219
168
124
169
123
32
33
59
119
163
159
335
336
277
493
413
431
493
412
413
775
688
771
654
574
657
741
654
657
740
653
654
487
569
570
487
486
569
682
685
764
743
682
765
743
656
682
827
743
765
741
740
654
570
653
655
688
604
686
771
688
686
689
607
605
485
569
486
571
606
656
572
569
491
657
574
572
653
569
574
447
528
529
493
528
447
336
413
412
506
577
493
775
776
689
854
775
771
853
865
775
607
689
690
605
604
688
689
605
688
607
529
605
743
827
825
764
765
682
764
842
765
216
165
214
311
254
312
335
311
354
253
200
254
275
218
253
335
275
311
220
218
275
199
170
148
311
275
253
220
170
218
218
199
253
274
273
217
275
277
220
413
335
354
413
336
335
493
447
412
577
528
493
585
577
506
507
585
506
623
660
585
660
604
577
604
529
528
577
604
528
660
686
604
213
212
162
221
276
219
271
212
213
216
272
274
214
212
271
272
214
271
165
212
214
403
409
485
409
408
491
334
409
403
334
408
409
272
333
274
407
408
333
571
489
529
408
488
490
489
447
529
407
489
488
407
406
489
272
332
333
406
405
489
208
209
159
266
208
215
210
268
209
208
210
209
211
268
210
334
273
274
409
491
485
573
491
490
573
572
491
571
656
573
743
741
657
574
569
572
1504
1562
1505
1424
1504
1505
1425
1506
1504
1304
1335
1256
1218
1303
1304
1168
1218
1256
1168
1130
1218
1384
1385
1304
1425
1504
1424
1340
1335
1304
1341
1384
1303
1342
1341
1261
1342
1425
1341
1303
1217
1261
1304
1303
1384
1304
1256
1218
1261
1341
1303
1217
1218
1130
1217
1303
1218
1130
1072
1030
1030
1072
964
964
1072
1044
1130
1031
1129
1130
1030
1031
1217
1130
1129
1168
1072
1130
855
943
949
854
855
949
831
926
855
1030
926
927
964
1044
943
1045
943
1044
1031
1048
1129
927
1031
1030
945
944
1046
927
940
945
964
926
1030
831
854
771
832
831
746
858
832
856
927
926
832
926
943
855
857
953
944
953
1043
944
945
1048
1031
831
855
854
964
943
926
1045
949
943
945
1031
927
944
945
940
1046
1048
945
1542
1518
1568
1355
1439
1376
1419
1493
1439
1543
1542
1596
1597
1543
1596
1463
1462
1542
1439
1462
1376
1439
1518
1462
1598
1544
1597
1520
1441
1449
1579
1572
1528
1442
1441
1520
1443
1442
1521
1357
1441
1442
1292
1377
1364
1594
1633
1634
1594
1545
1598
1281
1292
1364
1376
1462
1463
1596
1636
1597
1783
1778
1791
1779
1783
1792
1779
1778
1783
1797
1791
1788
1778
1774
1788
1775
1782
1771
1752
1775
1771
1781
1788
1775
1782
1774
1771
1788
1782
1775
1788
1774
1782
1789
1781
1776
1795
1789
1785
1788
1781
1789
1791
1792
1783
1788
1791
1778
1797
1796
1791
1695
1662
1665
1702
1695
1665
1702
1728
1695
1730
1728
1733
1728
1702
1733
1699
1728
1731
1699
1695
1728
1699
1662
1695
1697
1701
1684
1697
1730
1701
1659
1697
1684
1660
1698
1697
1733
1701
1730
1697
1731
1730
1660
1697
1659
1701
1664
1684
1514
1511
1565
1566
1514
1565
1512
1435
1514
1103
1176
1198
995
1103
1065
1077
1175
1103
995
1077
1103
969
968
1076
1198
1267
1289
1160
1065
1103
1246
1159
1247
1064
1065
1159
1075
968
1068
1174
1266
1175
1173
1174
1075
1265
1266
1174
1077
969
1076
1350
1347
1267
1348
1374
1289
1159
1158
1064
1326
1246
1247
1326
1325
1246
1512
1514
1566
1513
1512
1566
1514
1434
1511
1432
1435
1512
1432
1350
1435
1513
1433
1512
1247
1290
1326
1158
1159
1246
995
960
895
1160
1159
1065
1064
960
1065
1433
1494
1418
1326
1290
1375
1403
1326
1375
1245
1158
1246
1495
1461
1418
1375
1461
1454
1325
1245
1246
1348
1418
1374
1375
1290
1374
1433
1513
1494
1432
1433
1348
1432
1512
1433
1418
1494
1495
1374
1418
1461
1348
1433
1418
1461
1534
1454
1375
1374
1461
1403
1375
1454
1403
1325
1326
1461
1541
1534
1534
1531
1454
1495
1541
1461
1541
1588
1534
1583
1622
1621
1595
1588
1541
1583
1531
1534
1627
1595
1635
1624
1585
1621
1583
1585
1531
1583
1621
1585
1588
1583
1534
1588
1622
1583
1622
1659
1621
1648
1621
1659
1684
1648
1659
1664
1624
1648
1666
1635
1675
1705
1666
1675
1690
1666
1704
1705
1704
1666
1717
1705
1675
1717
1738
1705
1697
1698
1731
1736
1725
1704
1736
1726
1725
1705
1738
1704
1731
1728
1730
1735
1726
1736
1692
1691
1661
1699
1692
1661
1699
1725
1692
1627
1622
1588
1725
1698
1690
1659
1622
1660
1726
1691
1692
1725
1726
1692
1735
1703
1726
1691
1726
1703
1654
1622
1627
1698
1725
1699
1731
1698
1699
1660
1690
1698
1654
1690
1660
1622
1654
1660
1627
1666
1654
1654
1666
1690
1664
1648
1684
1648
1624
1621
1627
1635
1666
1704
1725
1690
1588
1595
1627
1699
1661
1662
1736
1738
1759
1735
1759
1737
1753
1718
1747
1748
1717
1753
1769
1748
1770
1738
1717
1748
1738
1736
1704
1760
1738
1748
1759
1735
1736
1737
1759
1758
1737
1703
1735
1703
1737
1706
1675
1718
1717
1737
1739
1706
1768
1747
1766
1768
1753
1747
1780
1768
1766
1780
1776
1768
1767
1780
1766
1772
1787
1780
1770
1748
1753
1769
1770
1781
1717
1718
1753
1769
1760
1748
1775
1769
1781
1760
1759
1738
1758
1760
1769
1758
1759
1760
1761
1758
1769
1739
1737
1758
1787
1786
1795
1761
1752
1739
1758
1761
1739
1769
1775
1761
1795
1785
1787
1770
1776
1781
1753
1768
1776
1775
1752
1761
1799
1792
1791
1772
1780
1767
1750
1772
1767
1753
1776
1770
1796
1798
1799
1791
1796
1799
1797
1789
1794
1785
1789
1776
1780
1785
1776
1795
1794
1789
1794
1798
1796
1794
1793
1798
1797
1794
1796
1795
1786
1793
1794
1795
1793
1788
1789
1797
1785
1780
1787
1751
1773
1772
1784
1777
1790
1793
1784
1790
1773
1777
1784
1772
1773
1787
1751
1754
1773
1787
1773
1786
1790
1798
1793
1784
1786
1773
1784
1793
1786
1751
1772
1750
1773
1754
1777
1734
1715
1750
1719
1754
1751
1750
1715
1751
1715
1719
1751
1707
1715
1734
1673
1686
1715
1707
1674
1715
1633
1637
1673
1674
1634
1633
1715
1674
1673
1741
1740
1763
1707
1708
1674
1707
1740
1708
1668
1708
1711
1673
1674
1633
1637
1636
1676
1741
1711
1708
1740
1741
1708
1763
1743
1741
1763
1764
1743
1745
1742
1762
1765
1745
1762
1713
1693
1671
1745
1713
1742
1745
1727
1713
1765
1744
1745
1709
1713
1671
1710
1709
1671
1710
1742
1709
1712
1694
1727
1670
1630
1657
1571
1609
1590
1727
1693
1713
1694
1693
1727
1669
1711
1710
1742
1713
1709
1629
1668
1669
1631
1644
1617
1580
1618
1579
1450
1529
1528
1594
1591
1540
1631
1669
1671
1591
1631
1617
1591
1629
1631
1656
1693
1694
1617
1656
1619
1671
1693
1656
1609
1571
1572
1594
1634
1629
1674
1708
1668
1744
1712
1727
1746
1744
1765
1724
1700
1689
1743
1742
1710
1743
1764
1742
1741
1743
1711
1764
1762
1742
1597
1636
1637
1629
1634
1668
1544
1543
1597
1464
1544
1545
1464
1463
1544
1598
1633
1594
1637
1598
1597
1644
1656
1617
1671
1644
1631
1671
1656
1644
1710
1671
1669
1657
1694
1670
1656
1657
1619
1657
1630
1618
1619
1657
1618
1656
1694
1657
675
677
757
519
517
594
518
519
595
438
517
519
598
677
675
517
436
455
591
672
618
1710
1711
1743
1669
1668
1711
1464
1377
1463
1543
1544
1463
1540
1591
1581
1591
1617
1581
1629
1591
1594
1629
1669
1631
1529
1580
1528
1590
1609
1630
1571
1522
1572
1637
1633
1598
1637
1676
1673
1686
1676
1719
1715
1686
1719
1673
1676
1686
1634
1674
1668
1724
1689
1688
1746
1724
1744
1732
1714
1700
1746
1732
1724
1746
1714
1732
1652
1663
1623
1614
1652
1623
1689
1663
1652
1630
1609
1618
1744
1727
1745
1724
1712
1744
1682
1663
1700
1688
1712
1724
1653
1688
1689
1653
1651
1688
1670
1694
1712
1724
1732
1700
1632
1592
1610
1685
1649
1672
1685
1650
1649
1614
1584
1577
1651
1615
1630
1688
1651
1670
1653
1615
1651
1712
1688
1670
1623
1645
1610
1623
1663
1645
1584
1623
1610
1614
1653
1652
1689
1700
1663
841
792
883
881
841
883
840
763
841
1357
1442
1443
1442
1520
1521
1377
1449
1364
1377
1464
1450
1572
1521
1520
1528
1572
1520
1579
1609
1572
1540
1464
1545
1449
1450
1528
1449
1377
1450
1618
1609
1579
861
958
860
1094
1104
1190
1086
980
982
1320
1275
1241
1358
1320
1274
1358
1399
1320
1276
1277
1360
1193
1185
1276
984
989
1091
1089
989
1042
981
884
882
1087
983
981
1184
1087
1086
1184
1275
1232
1041
941
983
1042
1041
1090
941
849
848
984
885
889
982
1060
1088
1238
1239
1315
1183
1238
1274
1154
1239
1238
957
1059
1061
1315
1357
1358
1238
1315
1274
1239
1273
1315
1153
1059
1085
1060
1061
1154
1060
958
1061
1274
1315
1358
1153
1085
1182
1239
1153
1182
1154
1061
1153
1356
1364
1441
1357
1356
1441
1272
1281
1356
1536
1571
1590
1185
1193
1098
1443
1521
1522
1572
1522
1521
1152
1088
1060
1152
1183
1088
1154
1152
1060
1154
1238
1152
1399
1358
1443
1444
1399
1443
1359
1320
1399
1232
1146
1184
1277
1232
1275
1277
1186
1232
1086
1088
1184
1152
1238
1183
1278
1361
1288
994
1091
1102
989
942
1042
1098
989
1089
984
889
989
1359
1277
1275
1187
1091
1098
761
758
681
982
980
883
599
523
597
673
599
678
592
515
523
673
592
599
673
704
619
757
674
675
681
758
677
676
596
674
757
676
674
597
596
676
758
678
757
588
510
521
523
588
597
523
510
588
442
523
515
521
596
597
618
538
591
703
618
672
677
598
618
681
703
763
677
618
681
702
687
617
681
618
703
591
603
672
441
362
439
441
439
520
363
441
440
363
362
441
520
439
508
586
520
508
596
521
520
586
508
516
593
586
516
593
596
586
440
361
363
521
440
441
520
521
441
586
596
520
593
674
596
763
761
681
678
676
757
519
518
438
674
595
675
593
518
595
432
355
361
510
432
440
442
375
432
432
361
440
375
457
374
355
432
375
676
599
597
676
678
599
758
761
756
677
758
757
763
792
841
588
521
597
432
510
442
440
521
510
516
518
593
374
444
445
308
374
307
375
442
457
308
375
374
308
355
375
1456
1488
1536
1526
1456
1536
1410
1360
1444
1369
1410
1456
1369
1329
1410
1365
1369
1448
1278
1284
1361
1284
1193
1276
1369
1284
1329
1365
1361
1284
1410
1444
1488
1530
1526
1577
1573
1530
1584
1451
1526
1530
1584
1610
1573
1630
1615
1590
1630
1670
1651
1646
1682
1672
1632
1646
1672
1645
1682
1646
1682
1645
1663
1672
1687
1685
1610
1646
1632
1682
1714
1672
1714
1682
1700
1714
1687
1672
1444
1443
1522
602
601
683
756
762
704
791
881
882
445
444
526
381
445
464
381
365
445
386
381
464
314
307
365
1646
1610
1645
1539
1592
1593
1573
1610
1592
1649
1632
1672
1612
1613
1650
1613
1632
1649
1086
1087
981
712
634
716
539
592
619
634
626
709
526
547
464
445
526
464
680
619
704
767
683
760
601
525
539
683
601
680
602
526
601
515
592
539
602
627
547
602
684
627
525
601
526
601
539
619
767
768
684
626
627
710
525
444
457
546
547
627
546
463
547
554
546
626
554
470
546
629
628
549
712
629
634
712
628
629
526
444
525
463
464
547
463
386
464
470
463
546
470
387
386
549
548
465
629
549
554
628
548
549
387
320
386
1592
1632
1593
1575
1613
1612
1574
1575
1612
1538
1539
1593
1537
1457
1459
1593
1537
1538
1457
1525
1447
365
381
314
374
365
307
374
445
365
457
444
374
515
457
442
510
523
442
760
793
767
683
680
760
684
683
767
684
602
683
704
793
760
756
704
673
762
791
704
840
791
762
840
881
791
626
634
554
710
799
709
546
627
626
882
844
791
980
882
881
844
793
791
884
844
882
884
793
844
710
684
768
602
547
526
798
716
709
756
678
758
762
756
761
840
762
761
791
793
704
673
678
756
619
592
673
760
680
704
539
457
515
680
601
619
525
457
539
592
523
599
802
892
801
554
634
629
1525
1574
1524
1537
1525
1457
1575
1574
1525
801
712
716
802
801
716
805
802
716
805
892
802
892
993
893
894
892
805
992
993
892
938
847
846
991
938
891
890
847
938
632
551
552
633
632
552
714
631
632
803
713
712
612
551
631
553
550
630
714
632
633
469
385
468
549
470
554
550
548
628
630
550
628
553
468
550
465
387
470
550
466
548
319
387
382
318
386
320
386
318
381
470
386
463
318
314
381
1457
1370
1372
1575
1525
1537
1447
1370
1457
1446
1447
1524
1363
1362
1280
1287
1196
1195
1372
1287
1286
1285
1196
1287
1446
1362
1363
1362
1279
1280
1189
1279
1188
1194
1189
1099
1280
1279
1189
1194
1280
1189
1143
1194
1099
991
1052
1099
1101
1196
1143
1196
1285
1194
1285
1370
1363
710
709
626
768
799
710
627
684
710
941
884
983
942
941
1041
848
884
941
767
848
768
767
793
848
889
798
799
1371
1286
1288
1052
1053
1143
1370
1287
1372
1143
1196
1194
1101
1195
1196
891
804
893
1197
1288
1286
1195
1197
1286
1102
1187
1197
1100
1102
1195
889
942
989
1197
1187
1278
994
894
984
1241
1184
1183
1274
1241
1183
1274
1320
1241
1102
1091
1187
894
805
885
849
768
848
889
849
942
799
768
849
883
958
982
1102
1197
1195
1363
1447
1446
1285
1363
1280
1370
1447
1363
1287
1370
1285
1459
1458
1538
1372
1459
1457
1372
1371
1459
1371
1372
1286
1373
1371
1288
1373
1458
1371
1459
1538
1537
1371
1458
1459
1460
1523
1539
1373
1460
1458
1373
1445
1460
1361
1373
1288
1361
1445
1373
1197
1278
1288
1275
1184
1241
1359
1275
1320
1444
1359
1399
1488
1444
1522
1571
1536
1522
1445
1361
1365
1193
1278
1187
1098
1193
1187
1276
1329
1284
1278
1193
1284
1186
1276
1185
1284
1369
1365
1360
1329
1276
1360
1410
1329
1359
1360
1277
1410
1488
1456
1359
1444
1360
1526
1536
1576
1577
1526
1576
1448
1369
1456
1526
1448
1456
1451
1365
1448
1460
1538
1458
1447
1525
1524
1593
1575
1537
1613
1649
1650
1593
1613
1575
1593
1632
1613
1189
1188
1093
1194
1285
1280
387
319
320
1287
1195
1286
1053
951
993
1099
1052
1143
991
951
1052
993
1100
1101
893
803
892
951
893
993
1053
1052
951
1101
1053
993
1101
1143
1053
891
893
951
804
803
893
992
994
1100
382
315
319
1255
1166
1252
1334
1255
1332
1334
1254
1255
994
1102
1100
1164
1092
1188
864
963
875
1093
1092
985
1189
1093
1099
1188
1092
1093
1164
1252
1166
384
468
385
382
384
315
466
468
384
382
466
384
382
465
466
714
804
766
633
715
714
552
553
633
467
552
551
467
469
552
630
712
713
712
801
803
711
695
631
714
766
711
551
632
631
715
804
714
1101
1100
1195
891
951
991
992
1100
993
803
801
892
715
803
804
630
633
553
712
630
628
713
633
630
715
713
803
715
633
713
892
894
992
938
990
890
992
894
994
990
1093
985
774
695
711
963
975
875
1165
1083
1069
1181
1180
1084
1253
1254
1333
1165
1253
1181
1165
1254
1253
1167
1166
1255
1165
1167
1254
1070
1166
1167
1071
1070
1167
963
1071
1069
962
890
985
963
962
1071
963
864
863
985
1092
1070
1253
1333
1271
1069
1071
1165
1334
1413
1414
1167
1255
1254
1332
1413
1334
1333
1254
1334
1414
1413
1491
1515
1438
1491
1414
1333
1334
1438
1437
1354
1181
1083
1165
1508
1427
1436
990
991
1099
1093
990
1099
985
890
990
1071
1167
1165
1164
1166
1092
1252
1332
1255
774
783
695
890
962
863
875
783
864
1438
1414
1491
1437
1438
1517
1437
1353
1354
1486
1437
1517
1352
1270
1353
1508
1436
1516
1508
1563
1564
1567
1516
1517
784
783
875
451
450
367
302
368
367
600
536
615
698
679
615
533
524
600
443
524
451
443
454
524
613
695
696
370
454
443
369
370
304
357
369
304
357
434
369
357
422
434
534
587
613
232
243
287
612
631
695
509
452
467
783
696
695
296
348
287
513
434
435
347
286
287
357
347
422
295
286
347
357
295
347
304
249
295
368
303
364
368
302
303
451
368
443
303
247
248
364
303
300
304
364
300
443
368
364
302
247
303
248
195
196
300
248
249
247
195
248
249
197
241
317
316
385
315
316
257
465
548
466
387
465
382
470
549
465
1507
1564
1509
1507
1508
1564
1507
1427
1508
1066
1078
970
1263
1250
1172
1344
1330
1263
1485
1411
1406
1489
1485
1509
1489
1411
1485
1489
1490
1412
1429
1490
1510
1511
1429
1510
1331
1411
1412
1349
1434
1350
1267
1266
1350
1265
1346
1349
1331
1345
1264
1430
1511
1431
1078
1172
1162
1412
1411
1489
1429
1345
1412
1490
1429
1412
1511
1434
1431
1251
1330
1331
1078
1162
1067
1079
1161
1066
1172
1250
1162
1161
1177
1078
1343
1351
1427
1406
1411
1330
1428
1406
1344
1428
1485
1406
1426
1428
1344
1509
1485
1428
1068
961
1067
1351
1436
1427
1344
1406
1330
1343
1344
1263
1507
1509
1428
1271
1270
1180
1354
1353
1271
1414
1354
1333
1414
1438
1354
1437
1352
1353
1351
1328
1407
1269
1179
1270
1486
1407
1437
1516
1486
1517
1516
1436
1486
1563
1516
1567
1436
1407
1486
1563
1508
1516
1437
1407
1352
1515
1517
1438
1515
1567
1517
1351
1407
1436
1407
1328
1352
431
460
507
321
366
388
379
313
380
301
366
321
366
367
450
462
380
388
301
367
366
524
533
451
783
784
696
874
975
878
787
874
878
875
975
874
878
975
978
800
847
890
774
800
863
783
774
864
711
800
774
711
766
800
990
938
991
863
864
774
890
863
800
962
963
863
1070
1071
962
1092
1166
1070
1083
975
1069
1069
975
963
938
846
891
985
1070
962
846
804
891
766
846
847
766
804
846
800
766
847
711
631
714
1083
1084
978
388
449
448
380
321
388
379
380
461
379
312
313
366
449
388
449
450
532
462
388
471
544
462
471
555
544
471
625
545
544
545
461
462
366
450
449
512
433
452
696
671
613
616
614
697
700
616
697
615
537
616
450
451
533
454
535
537
536
454
537
615
536
537
600
524
536
304
300
249
357
304
295
369
453
370
435
434
422
511
453
434
513
511
434
513
589
511
453
454
370
370
364
304
367
368
451
434
453
369
589
535
511
535
454
453
717
635
691
1057
959
1058
1097
987
1095
955
959
1057
706
707
797
806
895
862
608
555
530
692
608
609
691
635
608
530
448
531
461
380
462
388
448
471
449
532
448
348
422
347
356
358
296
435
422
358
512
435
433
512
590
513
961
869
870
531
610
609
532
531
448
532
610
531
1179
1081
1082
1081
973
974
1082
1081
974
1179
1269
1178
871
781
872
692
693
781
700
697
784
976
876
878
877
876
977
692
609
693
778
868
806
780
779
691
843
870
779
609
610
693
788
699
700
613
671
590
784
787
700
590
512
534
784
697
696
303
248
300
671
614
589
671
697
614
1178
1080
1081
1080
1079
972
1081
1080
973
1178
1079
1080
1179
1178
1081
1269
1328
1249
1066
971
1079
870
871
971
759
782
694
692
781
780
532
611
610
977
974
877
782
781
693
786
782
759
872
781
782
873
872
782
972
971
871
973
972
872
973
1080
972
1076
1075
1174
970
1067
961
780
781
871
1343
1268
1351
1507
1426
1427
1263
1262
1343
1330
1411
1331
258
257
316
317
385
383
258
317
293
258
316
317
315
384
316
613
612
695
433
356
383
613
590
534
435
358
433
232
287
233
358
356
433
243
296
287
243
294
296
383
467
452
317
383
356
587
551
612
613
587
612
509
551
587
452
509
534
467
551
509
35
63
61
99
63
97
36
61
64
36
35
61
102
98
141
65
102
101
64
98
102
36
64
37
142
99
97
182
142
136
190
143
142
64
61
98
190
182
233
190
233
242
181
182
136
181
232
182
190
242
189
141
143
189
147
141
189
98
143
141
142
182
190
191
232
181
294
243
239
240
294
239
293
356
294
258
293
240
317
356
293
182
232
233
191
239
243
243
232
191
240
293
294
512
452
534
294
356
296
383
452
433
534
509
587
385
467
383
468
466
550
469
468
553
552
469
553
467
385
469
385
316
384
286
242
233
348
358
422
287
348
347
296
358
348
589
590
671
535
589
614
535
453
511
589
513
590
537
535
614
370
443
364
435
512
513
1067
1162
1163
102
65
64
110
111
72
146
110
101
146
155
110
195
194
155
147
197
196
247
246
194
154
204
153
65
37
64
71
65
101
110
71
101
72
41
71
41
37
65
41
65
71
1511
1510
1565
1347
1350
1432
1348
1347
1432
1289
1267
1347
1348
1289
1347
1160
1247
1159
1198
1160
1103
1198
1247
1160
1267
1198
1176
1290
1247
1198
1251
1250
1330
1412
1345
1331
1514
1435
1434
1264
1173
1251
1435
1350
1434
1289
1290
1198
1163
1162
1251
1147
1158
1233
1058
1064
1147
959
960
1064
952
1054
954
888
952
856
988
1054
952
1097
988
987
1096
1054
988
691
692
780
843
779
780
635
555
608
691
608
692
806
862
795
530
471
448
608
530
609
555
471
530
624
555
635
624
544
555
530
531
609
778
691
779
868
778
779
717
691
778
869
779
870
995
939
969
806
717
778
968
961
1068
1163
1075
1068
969
869
968
1346
1264
1345
1266
1265
1349
1176
1266
1267
1176
1175
1266
1173
1264
1265
1175
1077
1076
1174
1175
1076
1176
1103
1175
1163
1251
1173
1067
1163
1068
1266
1349
1350
1331
1264
1251
1431
1434
1349
1346
1431
1349
1264
1346
1265
1345
1429
1430
1430
1429
1511
1346
1430
1431
1346
1345
1430
868
895
806
1174
1173
1265
968
1075
1076
1163
1173
1075
939
895
868
969
939
868
995
895
939
1077
995
969
1065
960
995
870
970
961
869
868
779
968
869
961
969
868
869
843
780
871
507
543
585
431
507
506
460
543
507
301
302
367
313
261
321
380
313
321
312
254
261
246
302
301
1148
1056
1145
1289
1374
1290
1233
1158
1245
1162
1250
1251
1147
1233
1150
1150
1236
1151
1064
1158
1147
1177
1172
1078
1343
1262
1268
1263
1172
1262
1426
1344
1343
1427
1426
1343
1507
1428
1426
1330
1250
1263
1067
970
1078
1269
1352
1328
1268
1249
1328
1351
1268
1328
1161
1079
1178
1249
1161
1178
1269
1249
1178
1268
1177
1249
1078
1066
1161
971
1066
970
971
972
1079
1271
1181
1253
1354
1271
1333
1353
1270
1271
1269
1270
1352
1179
1082
1180
1177
1262
1172
1249
1177
1161
1268
1262
1177
870
971
970
871
872
972
1180
1181
1271
1179
1180
1270
1082
977
1084
870
843
871
1084
1083
1181
1082
1084
1180
978
975
1083
977
976
1084
787
784
875
874
787
875
976
878
978
1084
976
978
876
788
878
977
876
976
873
973
872
877
873
786
877
974
873
873
974
973
785
877
786
785
876
877
977
1082
974
694
693
610
532
533
611
785
699
788
759
679
698
873
782
786
694
611
679
537
614
616
787
788
700
693
694
782
536
524
454
611
533
600
679
611
600
615
679
600
759
694
679
694
610
611
532
450
533
333
332
407
102
147
101
63
99
61
141
147
102
143
190
189
99
143
98
99
142
143
61
99
98
97
136
142
247
302
246
196
197
248
248
197
249
146
196
195
146
147
196
189
242
241
241
242
295
249
241
295
197
189
241
287
286
233
242
286
295
788
787
878
698
786
759
699
698
615
785
786
698
699
785
698
616
699
615
616
700
699
788
876
785
671
696
697
110
155
111
189
197
147
195
155
146
247
194
195
246
261
204
321
261
301
378
354
311
461
378
379
460
431
378
149
148
103
200
149
153
200
253
199
155
194
204
254
311
253
154
108
109
204
154
155
153
108
154
1058
1147
1150
1145
1151
1231
1151
1057
1058
1058
1150
1151
1145
1057
1151
1148
1145
1231
1056
1095
987
1145
1056
1057
1148
1095
1056
959
1064
1058
954
1054
1055
858
954
953
858
856
952
1665
1662
1626
1626
1662
1661
1665
1626
1625
1655
1661
1691
1667
1628
1655
1587
1625
1626
1667
1655
1691
1706
1667
1703
1658
1628
1667
1706
1696
1667
1578
1535
1527
1658
1620
1628
1569
1535
1582
1620
1582
1589
1611
1638
1608
1696
1729
1716
1667
1696
1658
1706
1729
1696
1638
1600
1608
1535
1455
1527
1587
1586
1625
1616
1655
1628
1661
1655
1626
1691
1703
1667
1533
1586
1587
1616
1578
1587
1527
1453
1533
1519
1455
1535
1453
1532
1533
1586
1533
1532
1453
1452
1532
1455
1453
1527
1503
1440
1519
1440
1368
1455
1283
1338
1259
1366
1283
1282
1368
1338
1283
1455
1368
1453
1421
1338
1368
1453
1367
1452
1367
1283
1366
1368
1367
1453
1368
1283
1367
1366
1452
1367
1192
1283
1259
1283
1192
1191
1192
1096
1097
1191
1149
1235
1191
1237
1282
1283
1191
1282
1170
1192
1259
1097
1191
1192
1097
1095
1191
1148
1149
1095
1231
1151
1236
955
862
959
1056
987
955
1097
1096
988
862
960
959
1231
1234
1148
1235
1237
1191
1055
1054
1144
1054
1096
1144
858
952
954
797
796
706
797
888
796
708
797
707
887
888
797
862
887
795
862
955
887
987
988
888
1149
1191
1095
1192
1170
1096
1170
1144
1096
1149
1234
1235
717
795
708
1148
1234
1149
887
955
987
954
1055
953
706
746
660
888
856
796
1057
1056
955
988
952
888
857
944
940
1043
953
1055
1043
1046
944
832
926
831
857
940
927
858
857
832
858
953
857
1050
949
1045
1050
1047
948
771
746
831
949
1050
948
686
746
771
865
965
867
865
950
965
777
776
867
853
948
865
948
1047
950
949
948
853
1047
1051
950
777
867
866
689
777
690
776
865
867
689
776
777
689
688
775
854
853
775
854
949
853
895
960
862
857
927
832
797
708
795
543
622
623
625
708
707
806
795
717
887
987
888
832
746
796
707
706
623
624
708
625
544
624
625
635
708
624
795
887
797
746
706
796
856
832
796
686
660
746
623
585
543
850
851
769
866
850
777
946
851
850
155
154
111
204
200
153
246
204
194
254
200
204
261
254
204
301
261
246
313
312
261
312
378
311
149
103
107
842
770
852
777
769
690
950
1051
965
1395
1402
1324
1339
1337
1408
1401
1339
1422
1401
1322
1339
1337
1416
1408
1422
1339
1408
1260
1258
1337
1417
1492
1416
1321
1260
1322
1242
1317
1244
1317
1321
1395
1244
1317
1324
1242
1321
1317
1171
1242
1244
1171
1260
1242
1258
1171
1257
1260
1321
1242
1258
1260
1171
1417
1337
1336
1417
1416
1337
1258
1336
1337
1395
1324
1317
1171
1244
1157
1063
1074
1157
1257
1336
1258
1171
1169
1257
1074
1171
1157
966
1074
1063
1049
966
1063
866
867
966
1073
1169
1074
1074
1169
1171
966
1049
946
967
1074
966
965
967
867
865
948
950
1051
1073
965
1073
1074
967
851
947
852
851
946
947
866
966
946
967
966
867
1049
947
946
1073
967
965
764
770
842
58
59
33
70
58
42
70
93
58
72
111
109
41
72
57
109
108
70
72
109
70
111
154
109
71
110
72
101
147
146
153
149
107
850
769
777
685
769
770
866
946
850
770
769
851
852
770
851
764
685
770
685
606
690
690
769
685
607
690
606
488
408
407
573
657
572
571
573
490
656
657
573
685
656
606
743
657
656
491
408
490
529
604
605
776
775
865
845
765
842
571
490
488
489
571
488
607
606
571
570
569
653
399
482
400
334
403
399
273
334
326
333
408
334
485
404
403
569
485
491
486
410
404
332
331
406
741
743
825
827
845
920
918
827
920
917
918
1024
917
825
918
740
741
824
742
740
824
655
653
740
682
656
685
824
741
825
654
653
574
765
845
827
824
917
826
655
740
742
825
917
824
918
920
1024
917
919
826
827
918
825
1024
919
917
1025
1024
920
742
824
826
1062
1125
1025
1022
919
1024
1125
1024
1025
1124
1022
1024
1125
1124
1024
1156
1155
1062
1240
1243
1316
1023
1022
1124
1319
1243
1323
1396
1318
1319
1240
1155
1156
1301
1240
1316
1214
1126
1124
1240
1214
1155
1301
1302
1215
1397
1383
1318
1026
1027
922
1126
1026
1124
1126
1027
1026
1301
1215
1214
1216
1215
1302
1300
1216
1302
1128
1029
1126
1127
1128
1216
1127
1028
1128
1029
1028
925
1215
1128
1126
1214
1215
1126
1216
1300
1212
1127
1122
1028
1215
1216
1128
1300
1213
1212
1240
1156
1243
1026
922
1023
1027
921
922
1023
1124
1026
1155
1125
1062
1301
1214
1240
1214
1125
1155
1300
1302
1382
1380
1296
1300
1213
1123
1212
829
830
924
924
1028
923
921
925
830
921
1027
925
924
923
829
925
924
830
925
1028
924
1028
1122
1020
1027
1126
1029
925
1027
1029
1122
1021
1020
923
1028
1020
1028
1029
1128
1123
1021
1122
1125
1214
1124
1300
1296
1213
1382
1380
1300
1382
1466
1380
1205
1123
1213
1380
1379
1297
1398
1323
1402
1316
1319
1318
1316
1243
1319
1003
1002
1108
1398
1402
1395
1319
1398
1396
1319
1323
1398
1400
1398
1395
1400
1322
1396
1398
1400
1396
1395
1321
1400
1409
1415
1340
1408
1483
1487
1483
1415
1409
1482
1422
1408
1318
1383
1301
1316
1318
1301
1396
1397
1318
1483
1492
1415
1379
1295
1294
1003
1110
1109
1107
1108
1002
1465
1378
1379
1466
1465
1379
1467
1389
1381
1202
1110
1108
1293
1298
1208
1203
1293
1200
1378
1298
1293
1379
1378
1295
1381
1308
1299
1109
1110
1203
1299
1308
1223
1210
1299
1211
1298
1381
1299
1013
1003
1109
1202
1295
1203
1110
1202
1203
1201
1207
1294
1466
1379
1380
1468
1466
1382
1547
1465
1466
1211
1136
1120
1547
1467
1465
1546
1473
1467
1474
1393
1478
1311
1312
1226
1477
1478
1394
1473
1477
1392
1389
1473
1390
1546
1551
1473
1551
1555
1477
1314
1312
1392
1473
1389
1467
1477
1394
1392
1555
1478
1477
1555
1553
1478
1311
1309
1390
1137
1225
1138
1137
1136
1224
1308
1389
1309
1308
1381
1389
1210
1211
1121
1200
1293
1208
1378
1381
1298
1381
1465
1467
1210
1121
1209
1298
1210
1209
1298
1299
1210
1223
1211
1299
1223
1136
1211
1378
1465
1381
1547
1558
1599
1483
1408
1416
1492
1483
1416
1409
1487
1483
1487
1482
1408
1340
1423
1409
1340
1385
1423
1469
1385
1384
1487
1423
1482
1487
1409
1423
1335
1340
1415
1304
1385
1340
1424
1341
1425
1469
1424
1505
1384
1341
1424
1401
1468
1397
1322
1401
1397
1422
1468
1401
1423
1469
1501
1468
1382
1383
1547
1468
1500
1547
1466
1468
1558
1600
1599
1482
1501
1500
1548
1600
1558
1383
1382
1302
1301
1383
1302
1397
1468
1383
1400
1321
1322
1422
1500
1468
1322
1260
1339
1396
1322
1397
1260
1337
1339
1482
1500
1422
1558
1547
1500
1569
1582
1608
1559
1569
1570
1559
1519
1569
1599
1546
1547
1638
1603
1599
1611
1582
1620
1638
1611
1647
1608
1582
1611
1570
1608
1600
1570
1569
1608
1647
1683
1677
1546
1467
1547
1551
1546
1599
1551
1477
1473
1224
1309
1225
1223
1224
1136
1469
1548
1501
1385
1469
1423
1505
1548
1469
1384
1424
1469
1561
1570
1548
1208
1298
1209
1560
1562
1506
1502
1560
1506
1501
1558
1500
1423
1501
1482
1548
1558
1501
1561
1548
1505
1570
1600
1548
1224
1308
1309
1137
1224
1225
1223
1308
1224
1440
1502
1499
1440
1503
1502
1519
1559
1503
1569
1519
1535
1582
1535
1589
1570
1561
1559
1560
1502
1503
1559
1560
1503
1562
1504
1506
1561
1562
1560
1561
1505
1562
1578
1533
1587
1535
1578
1589
1527
1533
1578
1604
1551
1603
1641
1604
1603
1642
1606
1604
1642
1641
1681
1555
1604
1606
1681
1677
1720
1604
1641
1642
1603
1638
1641
1554
1553
1606
1604
1555
1551
1476
1554
1552
1553
1555
1606
1391
1474
1475
1475
1474
1553
1394
1314
1392
1390
1473
1392
1393
1391
1313
1478
1393
1394
1474
1391
1393
1553
1474
1478
1393
1313
1394
1389
1390
1309
1683
1658
1696
1779
1756
1757
1722
1756
1721
1778
1757
1755
1778
1779
1757
1722
1757
1756
1678
1640
1679
1723
1757
1722
1749
1755
1720
1774
1778
1755
1749
1771
1755
1755
1771
1774
1716
1749
1720
1752
1771
1749
1752
1749
1716
1723
1755
1757
1678
1679
1721
1556
1607
1602
1552
1557
1481
1606
1605
1554
1605
1557
1552
1602
1607
1640
1552
1481
1476
1556
1557
1607
1556
1480
1557
1679
1680
1722
1640
1643
1679
1607
1557
1605
1720
1755
1723
1729
1739
1752
1677
1638
1647
1720
1677
1716
1720
1723
1681
1706
1739
1729
1752
1716
1729
1642
1643
1607
1681
1680
1643
1677
1681
1641
1723
1680
1681
1723
1722
1680
1638
1599
1600
1677
1641
1638
1551
1599
1603
1683
1647
1658
1716
1683
1696
1716
1677
1683
1553
1476
1475
1560
1559
1561
1440
1421
1368
1519
1440
1455
1499
1421
1440
1616
1587
1626
1626
1655
1616
1628
1589
1616
1620
1589
1628
1647
1620
1658
1647
1611
1620
1589
1578
1616
1681
1643
1642
1679
1643
1680
1721
1679
1722
1640
1607
1643
1639
1640
1678
1639
1602
1640
1553
1554
1476
1550
1556
1602
1557
1480
1481
1605
1606
1642
1607
1605
1642
1552
1554
1605
1601
1602
1639
1601
1550
1602
1550
1479
1556
1549
1550
1601
1550
1472
1479
1480
1556
1479
1420
1496
1498
1550
1471
1470
1549
1496
1471
1471
1386
1470
1470
1386
1388
1472
1470
1388
1550
1549
1471
1420
1484
1405
1497
1484
1498
1550
1470
1472
1420
1405
1386
1496
1420
1471
1498
1484
1420
1419
1484
1497
1420
1386
1471
1419
1355
1404
1419
1439
1355
1493
1419
1497
1222
1134
1135
1327
1355
1291
1291
1355
1376
1484
1419
1404
1376
1292
1291
1388
1387
1472
1222
1135
1221
1306
1387
1388
1518
1439
1493
1356
1273
1272
1356
1357
1273
1449
1441
1364
1449
1528
1520
1443
1358
1357
1222
1199
1134
1596
1542
1568
1598
1545
1544
1463
1542
1543
1376
1463
1377
1462
1518
1542
956
1059
957
979
956
880
979
1059
956
986
1094
1085
886
986
979
834
833
931
1134
1036
1037
932
931
836
833
747
752
1036
996
931
833
749
747
748
749
834
752
835
836
833
752
836
751
736
666
667
751
752
667
665
751
933
837
928
932
933
1037
932
837
933
1153
1239
1154
1094
1182
1085
1094
1190
1182
1364
1356
1281
1273
1239
1182
1199
1291
1292
1104
1199
1190
1222
1248
1199
1190
1199
1281
1376
1377
1292
860
773
861
1404
1327
1405
1484
1404
1405
1199
1292
1281
1248
1291
1199
1307
1248
1222
1307
1327
1248
1327
1404
1355
1248
1327
1291
1307
1386
1327
1529
1450
1464
1540
1529
1464
1594
1540
1545
1581
1529
1540
1619
1581
1617
1619
1618
1580
1580
1579
1528
1581
1580
1529
1581
1619
1580
1365
1451
1445
1522
1536
1488
1530
1573
1523
1451
1530
1523
1445
1451
1523
1451
1448
1526
1614
1615
1653
1530
1577
1584
1576
1615
1577
1590
1576
1536
1652
1653
1689
1584
1614
1623
1577
1615
1614
1523
1460
1445
1590
1615
1576
1539
1538
1460
1573
1539
1523
1573
1592
1539
687
703
672
861
773
772
880
956
859
860
883
792
957
958
861
958
883
860
792
703
773
860
792
773
1060
982
958
984
1091
994
716
798
805
1086
982
1088
799
798
709
849
889
799
849
941
942
793
884
848
981
980
1086
884
981
983
882
980
981
1146
1090
1087
885
798
889
894
885
984
1186
1277
1276
1090
1186
1185
1090
1146
1186
1186
1146
1232
1089
1090
1185
1089
1042
1090
1098
1089
1185
1098
1091
989
942
1041
1042
1041
983
1090
1087
1184
1146
805
798
885
716
634
709
840
841
881
763
840
761
1184
1088
1183
1090
983
1087
881
883
980
763
703
792
593
595
674
436
438
360
371
436
360
517
438
436
371
455
436
594
595
519
522
594
517
522
598
594
598
522
538
618
598
538
675
594
598
675
595
594
1357
1315
1273
794
879
789
1153
1061
1059
957
859
956
958
957
1061
859
790
880
861
859
957
861
772
859
687
603
617
773
687
772
672
603
687
579
540
496
495
497
579
500
582
581
705
620
662
748
705
662
789
701
705
705
794
789
663
748
662
663
749
748
880
790
789
701
617
621
790
701
789
541
540
620
621
541
620
621
542
541
705
621
620
541
459
540
617
542
621
617
603
542
702
617
701
772
702
790
772
687
702
859
772
790
773
703
687
603
527
542
527
603
591
542
459
541
1220
1133
1219
1221
1220
1305
1135
1132
1220
936
930
928
1219
1305
1220
1182
1272
1273
979
986
1085
1190
1281
1272
1182
1190
1272
1104
1134
1199
996
1036
1104
986
996
1094
931
833
836
986
931
996
986
886
931
1306
1222
1221
1036
1134
1104
1094
996
1104
837
835
753
931
932
1036
836
835
932
1306
1305
1387
1386
1307
1388
1221
1305
1306
1307
1222
1306
1388
1307
1306
1386
1405
1327
1135
1220
1221
1037
1135
1134
1132
1133
1220
755
754
670
837
754
838
886
794
834
931
886
834
979
879
886
1059
979
1085
879
794
886
880
879
979
880
789
879
732
665
649
650
733
649
736
751
732
1037
1132
1135
932
1037
1036
837
753
754
930
1033
928
932
835
837
794
705
748
669
754
753
1034
1035
1133
1034
930
1035
1037
1033
1132
1033
930
1034
1132
1033
1034
933
928
1033
838
928
837
755
838
754
755
839
838
838
839
935
928
935
936
373
455
371
754
668
670
750
751
666
669
750
666
835
751
750
736
732
819
527
459
542
514
527
591
446
459
527
305
250
306
346
305
371
360
346
371
297
305
346
297
250
305
297
288
250
663
662
580
581
663
580
500
581
498
582
664
581
418
494
499
749
833
834
661
747
664
667
752
747
661
667
747
665
732
751
748
834
794
664
749
663
664
747
749
750
753
835
669
668
754
734
729
816
819
734
820
821
819
913
818
817
911
666
735
669
750
669
753
752
751
835
733
734
819
649
733
732
650
729
733
819
821
736
821
817
735
730
817
731
668
730
648
735
817
730
669
735
668
666
736
735
648
670
668
733
729
734
819
732
733
649
566
650
557
638
637
583
557
566
556
638
557
647
729
650
566
637
636
647
566
636
583
556
557
566
557
637
665
583
649
578
661
582
421
472
501
584
661
578
501
584
578
665
667
584
639
721
719
475
391
390
721
722
809
560
641
639
560
561
641
390
421
414
667
661
584
582
500
499
561
640
641
640
561
559
566
647
650
583
584
556
474
475
561
474
391
475
638
556
558
472
391
474
501
494
421
556
501
472
578
494
501
499
494
578
582
499
578
664
582
661
664
663
581
500
418
499
418
414
494
494
414
421
421
390
391
472
421
391
560
558
474
556
584
501
558
556
472
474
558
472
639
638
558
583
665
584
475
559
561
475
390
473
560
474
561
560
639
558
498
580
497
337
398
396
343
342
419
337
414
397
389
390
396
389
473
390
475
473
559
337
390
414
337
396
390
419
345
343
284
325
342
500
498
420
701
621
705
395
478
479
500
419
418
324
394
393
420
345
419
500
420
419
498
497
420
322
392
324
456
514
538
252
306
250
226
281
225
309
279
339
223
172
222
377
456
372
459
377
458
372
373
306
310
372
306
456
373
372
306
373
305
252
309
310
198
252
250
279
223
222
339
279
278
251
223
279
198
251
252
198
223
251
310
377
372
514
456
446
527
514
446
591
538
514
538
455
456
371
305
373
455
522
517
456
455
373
538
522
455
360
297
346
284
265
325
377
459
446
458
496
540
456
377
446
377
310
376
579
496
495
662
579
580
620
540
579
223
198
171
173
223
171
224
174
175
278
224
280
222
174
224
279
222
278
172
174
222
339
278
338
416
496
458
285
343
345
282
229
285
227
228
283
178
180
229
395
393
478
342
325
344
419
342
344
343
284
342
265
323
325
579
662
620
497
580
579
417
497
495
417
345
420
498
581
580
540
459
458
288
236
234
187
140
184
184
171
198
187
184
236
140
171
184
87
126
85
172
223
173
234
198
250
288
234
250
236
184
234
234
184
198
140
127
171
929
930
936
934
929
936
1032
1035
929
929
1035
930
1133
1132
1034
1219
1133
1131
1033
1037
933
928
838
935
1131
1133
1035
1039
935
937
935
839
937
1038
936
1039
1035
1032
1131
936
1038
934
1032
929
934
935
1039
936
1040
1039
937
1040
1141
1039
1140
1039
1141
1141
1040
1142
1227
1226
1312
1140
1038
1039
1140
1141
1229
1138
1226
1139
1314
1313
1229
1226
1138
1225
1311
1392
1312
1310
1313
1391
1229
1228
1140
1230
1229
1141
1313
1228
1229
1394
1313
1314
1310
1228
1313
1312
1230
1227
1230
1141
1142
1227
1230
1142
1139
1227
1142
1139
1226
1227
1312
1314
1230
1311
1390
1392
1225
1311
1226
1225
1309
1311
1314
1229
1230
913
819
820
820
816
910
911
821
913
734
816
820
735
736
821
1016
913
910
913
820
910
912
911
1017
730
731
648
668
735
730
821
911
817
1017
911
913
818
731
817
1017
913
1016
1018
1119
1016
912
818
911
1015
912
1017
1119
1017
1016
1118
1119
1018
1209
1121
1119
1119
1015
1017
1109
1117
1013
1019
1119
1121
1117
1014
1013
1119
1118
1209
1018
1014
1118
1119
1019
1015
1121
1120
1019
1200
1109
1203
1200
1117
1109
1295
1293
1203
1208
1117
1200
1295
1378
1293
1209
1118
1208
1118
1014
1117
1208
1118
1117
1120
1121
1211
722
641
640
583
566
649
720
637
638
718
636
637
641
722
721
720
719
808
637
720
718
638
719
720
720
807
718
639
719
638
721
809
808
641
721
639
808
897
896
721
808
719
809
897
808
720
808
807
898
897
809
1000
907
1011
897
1000
999
898
907
1000
1106
1000
1011
1106
999
1000
1011
907
908
909
1010
908
999
998
896
897
999
896
807
808
896
898
1000
897
1105
997
998
1106
1105
999
1106
1116
1201
1012
1114
1115
1001
1002
997
1105
1001
997
1105
1107
1001
998
999
1105
1012
909
1009
1115
1207
1116
1012
1115
1116
1010
1012
1116
1010
909
1012
1114
1206
1115
1201
1116
1207
1106
1011
1116
1011
908
1010
423
351
424
362
423
424
362
299
349
425
351
428
439
424
502
439
362
424
425
424
351
503
425
428
429
503
504
429
426
503
502
425
427
508
502
516
508
439
502
502
424
425
437
502
427
427
425
503
426
427
503
437
516
502
359
437
427
518
516
437
504
503
428
426
359
427
429
504
505
430
429
505
437
359
438
430
353
429
352
350
426
353
352
429
352
353
291
288
350
290
359
360
438
518
437
438
426
350
359
352
426
429
350
297
359
290
350
352
297
360
359
290
352
291
238
291
237
288
290
236
288
297
350
238
237
231
290
238
236
290
291
238
238
187
236
186
185
139
231
186
187
238
231
187
237
186
231
237
185
186
139
140
186
186
140
187
138
139
185
96
127
139
138
96
139
96
138
95
139
127
140
95
60
84
96
84
127
127
84
85
96
95
84
60
48
84
50
48
27
49
50
26
84
48
50
85
84
50
50
27
26
26
27
15
25
26
15
49
85
50
13
15
14
26
25
49
14
15
27
13
25
15
8
13
14
8
16
13
8
14
7
8
11
16
25
13
16
7
2
3
8
3
5
8
7
3
0
1
3
10
6
4
17
23
12
19
11
21
19
16
11
2
0
3
6
1
4
17
12
10
3
1
6
9
10
4
18
9
20
21
11
23
6
12
5
5
11
8
6
5
3
12
11
5
10
12
6
23
11
12
31
23
17
33
21
23
18
10
9
34
18
20
39
34
20
35
18
34
22
10
18
36
22
18
37
41
22
17
10
22
31
17
22
42
31
57
42
23
31
42
33
23
57
31
41
41
31
22
37
22
36
18
35
36
34
39
62
62
35
34
67
39
68
100
62
67
144
100
105
97
63
100
63
35
62
100
63
62
68
104
67
136
97
100
100
144
136
136
144
181
67
105
100
39
67
62
104
105
67
94
106
68
106
145
152
68
106
104
94
135
106
144
191
181
151
188
144
150
151
105
201
202
151
188
191
144
191
188
239
106
152
150
137
106
135
137
145
106
145
137
183
235
193
183
150
105
104
106
150
104
152
201
150
188
240
239
105
151
144
201
256
202
150
201
151
152
192
203
192
152
145
202
240
188
202
258
240
151
202
188
256
257
202
260
319
315
201
230
256
203
259
260
256
315
257
258
202
257
230
203
260
256
230
260
201
203
230
256
260
315
260
320
319
245
193
235
318
259
314
318
320
259
314
259
255
259
203
255
255
203
244
298
292
244
307
314
255
244
245
298
292
255
244
355
292
298
355
308
292
192
193
244
203
192
244
320
260
259
201
152
203
193
245
244
145
193
192
145
183
193
255
308
307
298
363
361
298
245
299
355
298
361
292
308
255
235
289
245
349
289
351
362
349
423
299
289
349
298
299
363
245
289
299
363
299
362
423
349
351
