1800 3338 348
30 0 0
28.8863460787 8.09795912273 20
28.8603609675 -8.19008490859 20
25.3464716617 -3.5274054473 0
26.2347149148 14.5512130906 20
22.7207120958 -3.36951681544 0
24.3620544209 7.03085676503 0
25.9145096126 -15.1141416239 20
22.378655958 -12.1780905914 0
23.6458174215 18.4628088917 20
22.6894595559 13.742964721 0
21.0069839151 -4.95718871896 0
22.0705009692 4.12252317562 0
21.5384793089 -18.5361999588 0
22.3978737482 -19.9582902308 20
19.2876924433 -22.1602445811 0
20 -13.2169083381 3
21.305896985 9.87894754406 0
21.382450833 18.1622648124 0
20 -7.15626412556 3
21.6617210792 20.7549922482 20
20 -2.73747036712 3
20.8158514947 15.0295164409 0
20.707335713 2.08935758844 0
18.1940391247 -9.40253966405 0
20 -20 0
16.2967962268 -21.0743903016 0
18.4111224136 -23.6860585129 20
17.539317128 -15.8837930085 0
15.2026756291 -11.1305676373 0
0.828889826093 0 5
20.47518766 9.04582005859 0
19.6564669878 -0.939073936327 0
20 0.965101619259 3
20.6018792686 20.4824850671 0
20 20 0
20 18.2997160774 3
20 15.8004743512 3
18.6469364722 -4.98947133715 0
19.7143959438 22.6128590785 20
18.8698010647 -2.01951367059 0
20 13.1028907043 3
20 4.62171131673 3
2.38342505878 -2.88893401718 0
2.13642744209 0 5
1.99884099975 -1.31085183848 0
13.3264769996 -7.2951978562 0
16.137556638 -5.51233976082 0
12.4510160466 -27.2941459963 20
15.1151538549 -20 3
12.2193649263 -23.2623344593 0
12.552822997 -16.1985390318 0
10.0633101377 -10.6293341932 0
2.00888415745 -4.7422795746 0
-0.849590808047 0 5
0.332736020505 -1.22690771817 0
0.609775805168 -2.87846218268 0
20 9.16086509184 3
19.6185639704 2.79672676799 0
19.2065113633 0.820611607855 0
4.65779106451 -29.6362001089 20
18.7227271488 18.9589565459 0
18.5423197613 20.9464413839 0
18.2060718646 20 3
19.0657266944 17.1883626177 0
19.2309405607 15.0548871275 0
17.1772167467 -2.11267203584 0
16.5373402549 21.98994412 0
16.6481361181 24.9567496864 20
17.9367772941 0.581688692982 0
19.2371407238 5.11764018674 0
19.1824475442 12.7223783389 0
19.3581139482 9.21130278035 0
3.03990883878 0 5
4.30504203285 -6.60314087578 0
3.84703687805 -4.41124407472 0
7.4400881907 -7.27989340414 0
3.71272574159 -2.86024170871 0
3.31995368348 -1.74196076147 0
3.14364767894 -0.750955012683 0
3.56102504615 -0.372619026934 0
10.3465180036 -5.99656231037 0
12.9006043908 -3.99034955552 0
14.8083665106 -1.94823554189 0
3.40241821754 -23.7360143604 0
6.30313281393 -20 3
4.44217400516 -10.1486813483 0
6.19033328568 -15.1577352709 0
1.56411196805 -7.1029542291 0
-0.25739923694 -4.88594956779 0
-2.15954421539 0 5
-1.30667773582 -3.31681212452 0
-1.2649482461 -1.56066051422 0
18.6026086208 2.89496102028 0
10.8902574326 27.9535672499 20
-3.58246908192 -29.7853028011 20
-6.13376646984 -23.4791579339 0
16.1156501196 20 3
17.4832589384 17.9462288253 0
16.7643809431 19.2466867008 0
15.3516731043 20.6226776038 0
17.9012061928 14.0113094728 0
17.7885805442 16.0502873771 0
15.844457465 0.815242653982 0
13.0141786162 23.1339003461 0
12.4523088422 21.3475589442 0
5.40325854899 25.24871902 0
16.7900229283 2.9646001741 0
17.6789711431 4.97389231793 0
18.5763463262 6.84594478572 0
17.9750763344 11.4985392743 0
18.0275815332 9.12258908512 0
-3.05063147448 0 5
3.54937141841 0 5
3.84598442427 -0.223523597196 0
6.04458338473 -4.84190831475 0
5.18726897452 -3.22475167881 0
8.28582317593 -4.30381508201 0
4.57960711122 -2.06734314219 0
4.04445478171 -0.320936857393 0
4.04440512531 -1.20079527474 0
3.9538459654 -0.623008277878 0
10.3404873622 -3.06671695259 0
12.1749295399 -1.4614122009 0
13.5603043252 0.172237353936 0
-0.229495743055 -9.47742281845 0
-0.435393699796 -18.033675216 0
-6.67982989834 -20 3
-0.229925076296 -13.3669875086 0
-1.84971335837 -6.8527397893 0
-2.81835265853 -4.46999178996 0
-3.15373156008 -0.668151114579 0
-2.56822372141 -1.22662775654 0
-2.7004770267 -2.51925682659 0
-3.63885532948 -0.380005958898 0
2.96124114384 29.8534640962 20
14.0237422299 20 3
-5.34841900416 29.5193838428 20
-11.5019193239 -27.7074922245 20
-13.5398475361 -22.2385588807 0
-15.2633758509 -20 3
16.0701345222 16.8587234645 0
14.7432655602 19.4008167106 0
15.4225780157 18.3477295146 0
11.4170496144 20.4712516814 0
-5.52610959095 24.7505848 0
16.2083987868 12.2366356092 0
15.9865236937 14.8314363057 0
13.7785155012 1.89106410732 0
14.7280134261 3.38225383216 0
7.7091526502 22.4164420489 0
8.02469191145 21.0852384751 0
0.0877519189938 22.6005493491 0
15.3529755874 5.31504800495 0
16.4757994542 7.22002644692 0
15.7768443129 9.60137986018 0
-3.55229457766 0 5
-3.84124786494 -0.187426183578 0
3.83530124274 0 5
4.01383851191 -0.113228430709 0
5.81720224403 -1.960633045 0
6.8735818931 -2.90349468152 0
8.47710369404 -2.15791011109 0
4.18092190131 -0.139813034786 0
4.92516550834 -1.20644923642 0
5.8689200732 -1.0115145809 0
4.31506429733 -0.342710433506 0
4.57834628828 -0.633310125839 0
10.0363266135 -1.07592354047 0
11.3871292165 0.296951782558 0
12.1138346611 1.6673958209 0
-12.2795917403 -15.5875987972 0
-4.71717069947 -9.50881621315 0
-6.30722137006 -14.6107503327 0
-4.62704291769 -6.15647731387 0
-4.62180144018 -4.1221343254 0
-3.99763039273 -2.85342497259 0
-4.05595070072 -0.296682456186 0
-3.7771020078 -0.944447154627 0
-3.7202448998 -1.64158529088 0
-4.07716933464 -0.638646292025 0
12.0851414725 20 3
12.8594636695 19.4843033493 0
-12.6819597158 27.1876256264 20
-17.2311361066 -15.7609122503 0
-17.7420738487 -24.1912962176 20
-18.5533896893 -22.7797118964 0
-20 -20 0
8.0964731186 20.3915489444 0
14.3737783156 16.6220407438 0
13.6565423733 18.4694879807 0
10.2467895941 20 3
-7.31121792409 22.2737166226 0
-12.7629141917 23.3799287832 0
13.5552321907 9.45149575694 0
14.0860457278 11.3580409478 0
14.6407924373 13.2307321817 0
13.8348660073 14.6335054664 0
-15.4996988654 -10.2378077762 0
13.0027750276 3.43689266056 0
13.3180997005 5.22230026147 0
2.77096274588 21.2144214824 0
5.0442618581 20.4262402377 0
-5.05659206069 21.1275114005 0
13.6237472706 7.40788737063 0
-3.99300020739 -0.119930271393 0
-3.83655670178 0 5
-4.11981284949 -0.0825705296483 0
4.14863620671 0.0368846563851 0
4 0 0
4.04234280546 0.123373692173 0
4.11666419159 0.222543632719 0
7.07515132645 -1.2709110392 0
8.32650321769 -0.646974485589 0
6.34180784348 -0.378810535679 0
4.37393845771 -0.00127001917679 0
5.32776882141 -0.422442516169 0
4.73575516918 -0.131418523799 0
11.8377667647 3.19114262999 0
9.52236637838 0.344513025331 0
10.7956562855 2.45238231374 0
10.2558759966 1.45053167665 0
-7.53877592643 -6.80937154984 0
-10.1455653952 -9.95593501085 0
-6.39284804616 -4.58779946603 0
-5.56546947773 -2.99084204061 0
-4.83328734398 -1.98445836313 0
-4.371359551 -0.467984331306 0
-4.32448217483 -0.105356995392 0
-4.54445778628 -1.02791586105 0
-0.668639692145 20.7499927242 0
-21.0442207377 -20.6941340742 0
11.0468992786 19.5305830411 0
11.9220902447 18.7419054634 0
-18.4843461543 -10.1883852925 0
-17.5831611202 24.307042367 20
-20 -13.2391480152 3
-21.6156237565 -20.802951082 20
-21.3541335101 -15.6682856186 0
8.45974079743 20 3
6.70054561157 20 3
12.7397620315 15.7689888516 0
12.6761244526 17.3202326272 0
9.36514395354 19.5629171178 0
-11.8295217725 21.4411786385 0
-16.6602204164 22.042839988 0
11.9586198962 9.0845550732 0
12.2849917804 10.9250233554 0
12.6928848617 12.8167087749 0
11.9199483011 14.4360355464 0
-18.3266031388 -5.69122734617 0
-13.4736292515 -7.07075286878 0
-15.8957862521 -5.05114387034 0
11.7549998009 4.64119586439 0
11.7742309568 6.1311193243 0
-9.43338103823 20.5380230887 0
1.79529999523 20.3653333824 0
2.92636015419 20 3
4.8956691723 20 3
-6.35062231676 20.3596304993 0
-2.73281765529 20.3411164382 0
11.2727830795 7.64293227571 0
-4 0 0
-4.13019223692 0.0888501265793 0
-4.11577726331 0.238478414572 0
-4.31562147549 0.204138468604 0
4.28834706915 0.220097053201 0
4.15431403027 0.364763091311 0
4 0.228 0
3.99861849632 0.333988877693 0
8.15460096027 0.540394737958 0
7.06932287271 0.0943819260938 0
5.91248775256 0.266192556044 0
4.62832731888 0.305454066686 0
5.16471728452 0.295998497417 0
10.5075003712 3.76762297742 0
8.8402858955 1.6129183328 0
9.49812464029 2.71166892858 0
-8.68562812686 -4.30077399018 0
-10.6240871877 -5.77191282697 0
-7.25592655632 -2.98219899001 0
-6.16615429727 -1.97027089376 0
-5.36890117974 -1.27404306073 0
-4.72511688801 -0.325364225132 0
-4.64034042774 0.11159797217 0
-5.27650611547 -0.516126155533 0
11.1836674363 17.6530171432 0
10.1844588566 18.7319857234 0
-20 -6.88275348574 3
-20.3538780706 22.0390480883 20
-21.884249632 -10.1112593024 0
-25.162006212 -16.3362210186 20
-12.5720750041 20.5154895028 0
6.22037685144 19.6261262448 0
7.69137009741 19.5722597729 0
11.1639954455 15.9773804152 0
8.36760411079 18.9510839459 0
-20 -2.44552268951 3
-15.6367784579 20.7089140261 0
-18.4610173416 20.9110357893 0
11.0957545592 13.3113668677 0
10.4764255284 9.11072928861 0
10.8194539264 10.4684639956 0
11.07146674 11.9523276649 0
10.2592324946 14.3882390486 0
-18.8267649937 -2.05105930108 0
-17.1455889218 -2.3047470209 0
-9.97211679951 20 3
-11.8157821075 20 3
-12.8776027306 -3.74224201214 0
-14.5146580823 -1.81281051355 0
10.3208658167 5.0061671045 0
10.3881669782 6.23373776755 0
10.0408612152 7.27648664108 0
-8.14852061489 20 3
0.582290131547 20 3
2.99659446013 19.7187985235 0
4.77715404263 19.4705251202 0
-6.31507568361 20 3
-2.29773430347 20 3
-4.48512424701 20 3
9.72635439823 8.21373153856 0
-4 0.228 0
-4.17935664515 0.379231634109 0
-4.00395938287 0.338534226929 0
-4.4276690321 0.543102718338 0
4.35973372737 0.522096821019 0
4.04930920594 0.534003574658 0
3.86274558861 0.228 5
3.83594332899 0.416607398416 0
7.74958679195 1.74334694651 0
7.22548960799 1.01783927801 0
6.35483619603 0.960673182301 0
5.50101807489 0.999937205614 0
4.74862697249 0.93591081858 0
9.30894263841 3.83556531919 0
8.3108048582 2.78947100676 0
-4.19496060857 1.82612460171 0
-8.6195013659 -2.12457888088 0
-10.4416812697 -2.8746170693 0
-7.22953593573 -1.35150707864 0
-6.16723126095 -0.806109667487 0
-4.8858157195 0.550329125931 0
-5.22660756607 0.125405240104 0
-4.70655165337 1.14417532586 0
-5.96174611873 0.107440706928 0
-19.6069892618 -0.568595775519 0
9.97833331174 17.0937263087 0
9.04297118224 18.0295308206 0
-20.1607236734 21.1656046422 0
-21.3089247979 -3.43791169892 0
-22.3178322328 20.0477900686 20
-23.9546850105 -6.43374967801 0
-28.3231950387 -9.88911445595 20
9.10190333609 4.72290514405 0
-13.7325957329 20 3
6.53705616044 18.9011703994 0
9.59216071811 15.6570971435 0
7.63073359208 17.8519207218 0
-20.8153254781 3.28080968869 0
-20 1.18338018382 3
-15.8512686206 20 3
-20 20 0
-18.0519234607 20 3
9.8964765453 12.8459486914 0
-9.16653671353 19.7139587872 0
9.20533767235 9.16713743113 0
9.58313426112 10.2281041108 0
9.78154097963 11.4909722773 0
9.00365654548 14.5349488849 0
8.88566265517 13.4571872645 0
-19.0569160529 1.12068783279 0
-15.8482852278 0.0161136795206 0
-17.757748786 0.555565874742 0
-10.7084734683 19.4405244408 0
-12.5050477636 19.3604283326 0
-12.0051634003 -1.22128176896 0
-13.350994037 0.597790978458 0
9.0838931789 5.63224814213 0
9.31515958498 6.52173379988 0
8.94783367457 7.45529686775 0
-7.61424280301 19.6054502709 0
-1.92970453203 19.7164312547 0
4.73192961115 18.6994659373 0
0.843754496628 19.6091692724 0
2.92617747316 19.1292645196 0
-6.06566245578 19.5459961028 0
-4.31515609021 19.6350780646 0
8.48245764038 8.31681841292 0
-4 2.07779603513 12
-4.19818889259 2.09657976835 0
-4.24096948575 2.33749143645 0
-3.86865133523 0.228 5
-4.06446565024 0.547719315289 0
-3.84600289555 0.409479943895 0
-4.19942642347 0.928765563118 0
-4 1.87 0
-4.20396495981 1.46697533164 0
-3.99423701868 1.69972033671 0
4.1742756443 0.901673469758 0
3.83336286147 0.748431433923 0
3.62933288035 0.228 5
3.54675980025 0.481922155842 0
4.19927260011 1.37010773293 0
4.01810794726 1.6853228664 0
7.11025098934 2.48057345238 0
6.67486238812 1.78675816058 0
5.88469241695 1.73903468865 0
5.11914083048 1.67695538798 0
4.59072722607 1.55340583742 0
3.78074957346 1.87 12
3.78839681033 1.60405472236 0
7.47479547482 3.18383015692 0
8.22797793488 3.88719267996 0
-4.5426753915 1.82437511667 0
-8.33310081207 -0.597604915027 0
-9.95737697927 -0.878650279801 0
-7.00450533669 -0.0105143816966 0
-5.14612082926 1.66048436131 0
-5.50034824328 0.897722600551 0
-6.36210507381 0.900665424651 0
-4.47598606036 2.2672042275 0
8.58737800868 16.6228937194 0
-21.2188657158 20.066233289 0
-20.9398512337 18.5610765859 0
-22.0961542153 16.5656675293 0
-22.5175332207 3.40574552547 0
-21.5058860289 10.9390620837 0
-24.2694036638 17.6350557734 20
-25.5327242118 3.14125038757 0
-29.9306330195 -2.03883608258 20
8.12935434128 4.83284316676 0
-14.5213718875 19.3710601422 0
6.14736659069 17.7378573547 0
8.08488334817 15.3246008638 0
7.18750334095 16.5262236738 0
-19.4859540114 2.80576667527 0
-20.5191870005 9.84192206875 0
-20 4.82051823889 3
-20 18.2374313856 3
-16.6640272875 19.171410484 0
-18.6994964962 18.8150145665 0
-13.4413729814 18.4074100307 0
8.81038714904 12.3219712037 0
-9.96969402743 18.7151398006 0
-8.91471378658 19.1544710512 0
-13.4849700087 2.17652619315 0
6.64453435245 3.19007503 0
7.65346427452 8.91868780535 0
8.28004922864 9.19236802671 0
8.51453416766 10.0848637576 0
8.75277856407 11.1136425775 0
4.79327165021 17.5707060645 0
7.91967902692 13.9137470435 0
7.71420445376 12.8068860564 0
-17.8890252275 2.88084923312 0
-15.7001145688 2.01116595182 0
-11.4644276384 18.3105506777 0
-11.1240172811 0.621585092646 0
-11.757740335 2.21818785643 0
8.01331394166 5.88831958453 0
8.41452976674 6.61573558611 0
8.03158670521 7.46799369799 0
-6.16239832972 18.840651514 0
-7.5181399008 18.8726001269 0
-3.33582363992 19.3223466755 0
-1.17156396658 19.3217913498 0
3.16136768 17.9709670296 0
0.675750569012 18.9900073914 0
1.84285957483 18.3983296542 0
-4.7606893745 18.8786140384 0
7.60487329927 8.14282432774 0
-4.39394546048 2.56570743077 0
-4 2.23376024811 12
-4.14443036132 2.46860370835 0
-4.09594308471 2.30705844241 0
-3.64896047183 0.228 5
-3.56666080185 0.478075832036 0
-3.84342181823 0.726365743696 0
-3.84194884854 1.19253473785 0
-3.76406816178 1.87 12
-3.77421149767 1.59247861048 0
3.71478553848 1.25243644512 0
3.42826118045 0.822415695459 0
3.21098917012 0.228 5
4.24619971869 1.80256220244 0
4 1.87 0
4 2.07962873917 12
5.48157870758 2.25678230533 0
6.09842509132 2.57082213057 0
4.96121049967 2.26894084279 0
4.57531005207 2.01960379858 0
3.38681193327 1.87 12
7.26593184174 3.98281335571 0
-4.86903982202 2.22328073967 0
-8.12903633923 0.53482028473 0
-9.40959073562 0.599185097365 0
-7.35922224686 1.10887300277 0
-6.67083676347 1.69992160094 0
-5.4210777126 2.20381488565 0
-5.8929921321 1.73280072582 0
-4.71044494268 2.64933365266 0
-20.7082676097 15.4923981656 0
-23.5162182407 11.8144561001 0
-26.8124389509 13.4570341177 20
-29.3463460598 6.22816743225 20
7.26289332993 4.69501126425 0
7.51928590732 5.34927766806 0
-20 15.8617821377 3
3.74951360344 17.0254348597 0
-15.2748719427 18.3139847812 0
7.18655161885 14.567082454 0
5.79869424126 16.4180884725 0
6.63523528562 15.4498354212 0
-14.5381478329 3.44193626542 0
-12.6107859899 17.2839129425 0
-20 13.1982934336 3
-19.1674250522 4.54339858535 0
-20 9.53426163179 3
-19.6416553987 6.94876663209 0
-19.091666652 16.8675114132 0
-17.3844512112 17.5363375925 0
-17.9903039043 4.93121496786 0
-14.2159542297 16.6655457903 0
7.99634094947 11.7760311711 0
-10.0401299606 17.5814606236 0
-8.6566530407 17.8598178318 0
-12.6769347784 3.56301502287 0
6.44632927026 3.86289217961 0
5.84444329221 3.35199791405 0
7.09473929507 8.59104764088 0
7.21891155281 9.34140971821 0
7.6324291866 9.88129759769 0
7.78362893382 10.7981089288 0
4.68907187017 16.1076458435 0
6.88600318739 13.4527627092 0
7.18216307597 12.0483274407 0
6.5568389991 12.4795150674 0
-16.0330413337 4.65996282656 0
-11.209968713 16.7140594833 0
-10.1319358031 1.80014714936 0
-10.3048026344 2.82365084441 0
-11.1807731381 3.61773606672 0
7.14227115565 5.98714800981 0
7.21927726629 7.53578176501 0
7.53117083032 6.768398433 0
-5.85343749037 17.7496257226 0
-7.18000183706 17.7004819713 0
-2.39610950939 18.8891400021 0
-3.49610442222 18.3846903205 0
-1.08998571695 18.406797105 0
2.62712263578 16.3280505585 0
1.60063427724 17.083646544 0
0.24277947753 17.7219386956 0
-4.58189285684 17.6549670791 0
6.80644479826 8.0621285472 0
-4.42121649607 2.96196734542 0
-4.18664734709 3.21742764432 0
-4.18541225479 2.70066463203 0
-4 2.326 0
-4.01397047986 2.52431036776 0
-4.0058859088 2.39965173999 0
-3.25523154512 0.228 5
-3.44049102016 0.837970334092 0
-3.3350999469 1.44364871465 0
-3.3379184868 1.87 12
-4.14153095889 3.42438031899 0
2.97947726693 1.12697539135 0
2.46298878521 0.228 5
4.18422892371 2.08932765552 0
4 2.23495653295 12
5.24495287291 2.83332055922 0
4.40443813226 2.267059497 0
4.68945921518 2.52177410597 0
4.21071999473 2.31315939373 0
2.72175068808 1.87 12
2.46635766259 1.53875639511 0
6.53145839283 4.58314869052 0
-5.17160846876 2.70244756683 0
-8.58402160757 1.72550744073 0
-7.47650177063 2.0798260558 0
-6.47824079628 2.40355325404 0
-5.7928528556 2.60454533571 0
-4.42134497937 3.34351782135 0
-4.8747729635 3.17313253895 0
6.7261118972 5.30365632838 0
-19.4825494249 14.894379779 0
3.66505482875 15.8948138986 0
-15.7524579749 17.0327334054 0
6.19044786419 14.2809326238 0
5.46361929864 15.1363711391 0
-13.7883279559 5.04208206275 0
-12.6210121214 15.7520253961 0
-19.2721466777 12.9001804162 0
-18.6953821562 7.13194538913 0
-19.191945074 10.0454197868 0
-18.2178970993 15.23975927 0
-16.1930829671 15.6239065168 0
-16.835934311 7.06593749469 0
-14.3507547372 14.8706081159 0
7.02755573319 11.338782247 0
-9.68204347324 16.3097139792 0
-8.11398117631 16.4505528824 0
-11.9738046499 4.90523425824 0
5.84394156706 4.28659263708 0
5.42543465826 3.87517575672 0
4.77337909325 3.2313236787 0
5.13497955326 3.46413296282 0
6.43126856092 8.51905861797 0
6.72555195563 9.06790571635 0
6.84253488251 9.77110814943 0
7.01984052783 10.4814199493 0
3.31084634048 15.080843555 0
4.34344638854 14.8407170861 0
5.92598134158 13.2658587486 0
6.19671340199 11.7024949751 0
5.65534242984 12.414587606 0
-10.5922040551 4.74121820637 0
-14.4690226238 7.1253863769 0
-11.1325084569 15.194203993 0
-9.02176248298 2.80001998436 0
-9.70268378966 3.79998910789 0
6.8125665873 6.51168984407 0
6.36663630316 5.88584613708 0
6.48779771636 7.59626363849 0
6.70901380746 7.09220664103 0
-5.5164208425 16.4036735435 0
-6.74326971923 16.3621424619 0
-2.38389743791 17.6097764077 0
-3.45399591363 17.0142754427 0
-1.1913266429 16.9011818255 0
2.33242543675 14.9035210766 0
1.50584493595 15.6749945071 0
0.22323970406 16.127074165 0
-4.26853205187 16.208380459 0
6.15259043584 8.00087209498 0
-4 3.416 0
-3.98791739348 3.27670570998 0
-4.0377683104 2.99747427034 0
-3.96993984978 2.68657754572 0
-3.89892500979 2.326 12
-3.88909376225 2.46404938866 0
-2.55152886821 0.228 5
-2.84834216316 1.04974039993 0
-2.66625419857 1.87 12
1.35209809003 0.228 5
-0.0458345926401 0.228 5
-4 3.53570043919 11
-4 4.734 0
-4.29775714071 3.5946515256 0
-4.11001488241 3.59643516266 0
2.28376786636 1.02596276245 0
1.7145415666 0.930321413916 0
4.08843975832 2.29372997344 0
4.12261553008 2.43534256182 0
4 2.326 0
4.56036994081 2.8907704246 0
4.31359531351 2.5500113062 0
2.13893626977 1.5081632935 0
2.25167392693 1.87 12
5.94574049726 5.13574340271 0
-5.47064565799 3.22358126207 0
-7.9425910448 2.90711565636 0
-7.00355759832 3.01253175999 0
-6.17138234697 3.17183252727 0
-4.66738665673 3.63665511819 0
-4.3318896559 4.46419399112 0
-5.12659008613 3.74256840458 0
-4.09930540976 4.75388772943 0
-4.23601624392 4.73230100155 0
-4 4.83750638237 10
5.19346135661 14.0368389583 0
-12.7481743395 6.37932060758 0
-12.5301477323 14.1837701351 0
-18.162423136 12.6071217348 0
-17.7954807524 9.7836924261 0
-16.5585730712 13.9502833868 0
-15.6216084539 9.4441167782 0
-14.419763171 13.1951952365 0
6.39175713849 10.9153479614 0
-9.96701836389 14.9491913753 0
-13.449198245 9.27510675056 0
4.25136671937 3.12426559964 0
-8.73255931553 15.1885228428 0
-7.50163128334 15.1670798394 0
4.38095648015 3.35836759148 0
5.39577367468 4.85762846872 0
-11.267723791 6.26937258204 0
5.09924564322 4.41993179545 0
4.78939246804 4.02519062582 0
4.59620167634 3.64563662774 0
5.86973004541 8.50921912099 0
6.15383584041 9.03126355707 0
6.25552901044 9.58582256715 0
6.36289143385 10.190648654 0
3.27257234418 14.0275153501 0
4.26150959773 13.7217261423 0
5.02108453759 13.0831094785 0
5.71689544994 11.1240740492 0
5.35978580579 11.7074137754 0
4.84728019531 12.2595063556 0
-9.34272932843 4.68446188416 0
-10.2156467344 5.59512524905 0
-12.1687870884 7.81220868915 0
-10.8051147802 13.5068141005 0
-8.3908449695 3.90320875603 0
5.69867980345 5.92378281464 0
6.13763993917 6.58065891186 0
5.95294274428 7.28639948298 0
-5.20478864298 15.1844876741 0
-6.30779195014 15.1343601588 0
2.05688395099 13.8870985662 0
-2.63398084281 15.9811215121 0
-1.16221643868 15.6270264374 0
0.913748135548 14.6981172563 0
-0.274735134633 14.8941056786 0
-4.04560562999 15.1019474819 0
5.68793321607 7.88577097494 0
-3.818044057 3.416 11
-3.77448226268 2.84744093769 0
-3.75773272648 3.17455202633 0
-3.70041539569 2.55403577558 0
-3.72316982236 2.326 12
-1.46785041015 0.228 5
-2.13336164626 0.947251372311 0
-2.2856412578 1.49567489427 0
-2.23337503816 1.87 12
0.762678805609 0.99172711203 0
-0.562204319511 0.982089644791 0
-4 3.644 0
-4.01873231568 4.65237863891 0
-3.88107614719 4.734 10
-4.34973903494 3.87455315027 0
-4.12459273551 3.75802254403 0
-3.97485911032 3.75280418405 0
-4.1010163066 4.52009033348 0
-4.25891860341 4.17724871221 0
1.86625691361 1.43459723756 0
1.45862060876 1.44607311474 0
0.993247553524 1.4713274079 0
3.99968389774 2.40893827284 0
4.04095167236 2.57466015266 0
3.90203138786 2.326 12
4.1260702093 2.85952020096 0
1.96785403594 1.72637358193 0
2 1.87 0
5.12405728758 5.4275242953 0
-5.74970311328 3.83940478795 0
-7.33377606348 3.85534972431 0
-6.48616052506 3.870247021 0
-4.5076053087 4.64133582385 0
-4.70906182788 4.20210681139 0
-5.26582314602 4.35323216961 0
-4.37047906889 4.93935143419 0
-4.15027869859 4.95160275385 0
-4 4.962 0
-12.6236115939 12.6719737854 0
-16.1844167416 11.8299034499 0
-14.0423149986 11.2567698049 0
5.93369090952 10.5436875277 0
-9.50522552272 13.9688548194 0
-12.3246900521 10.9614823914 0
-11.2383737963 12.1639060088 0
-11.7878262169 9.43335013437 0
4.14659169829 3.35652181598 0
4.02080165354 3.22329457804 0
0.996403761989 13.6860080163 0
-8.25458897022 14.0328665704 0
-7.02127179039 14.0776356344 0
4.2808301741 3.64401835992 0
4.14227136567 3.50948729518 0
4.79672223424 4.95474157627 0
-9.94722052247 6.56511103064 0
-10.590946152 7.48527677119 0
2.62061421792 13.0597131619 0
4.55034606532 4.57745749507 0
4.37536975882 4.2940504245 0
4.31844734309 3.95044254794 0
5.4754132191 8.28114193143 0
5.33091982059 8.65705845465 0
5.67062754345 9.00682954764 0
5.74012561318 9.4761305635 0
5.74568232974 10.0207049712 0
3.50103199111 13.0252927936 0
4.22036386959 12.7725413959 0
5.09718137831 11.0894916455 0
5.43653287322 10.5693800215 0
4.23205440136 12.0320500913 0
4.68719731595 11.5514623157 0
-8.39537663189 4.82421434347 0
-9.21354202844 5.6134892442 0
-9.94891445765 11.9301828985 0
-10.5748129154 8.56747727615 0
-9.07653593441 12.9734008393 0
-7.49806642582 4.61883976324 0
5.35640944577 7.3634603635 0
5.04598135112 6.02002307782 0
5.43844377142 6.67475253056 0
-4.96827800904 14.1324014237 0
-5.91081379684 14.0399931268 0
1.73446634038 12.8235732123 0
-2.84982609342 14.9034785222 0
-3.50741572047 14.3569998913 0
-1.72285890111 14.6429823558 0
-0.40002422601 13.9329795501 0
-4.08607810495 13.8727279394 0
5.21300602524 7.88440054655 0
-3.49576356777 3.416 11
-3.41465318396 2.90168988253 0
-3.40711996307 2.326 12
-1.50136952214 1.14716378635 0
-1.99064013861 1.71865659416 0
-1.8676468363 1.46804570552 0
-2 1.87 0
0.130785496323 1.46105294852 0
-0.911480192865 1.51174374269 0
-3.84029395312 3.644 11
-3.87882465841 4.55579367571 0
-3.67508950462 4.734 10
-3.99827677211 3.94665480324 0
-3.80305354031 3.81719546349 0
-3.92294202457 4.24983866293 0
1.65184448969 1.74336803152 0
1.02175525492 1.7541633204 0
3.86948588501 2.48369253991 0
3.85954340865 2.76728794277 0
3.72939349839 2.326 12
3.84390269591 3.13253969667 0
1.83631797482 1.93209352011 0
2 2.098 0
2 2.23440431031 12
4.49408138499 5.28513150368 0
4.46606563552 5.68365356382 0
-5.93303000629 4.56235767084 0
-6.63958624967 4.64162129458 0
-4.80884839437 4.86709740196 0
-5.38807306361 4.97539895173 0
-4.39979297947 5.23147948508 0
-4.02015480074 5.15886745466 0
-3.81883707353 4.962 10
-10.8290608757 10.8226421642 0
-10.4116649175 9.66651218756 0
4 3.416 0
5.32402792957 9.00387689861 0
-8.93083636908 12.0299151911 0
3.81917265216 3.416 11
0.237371480559 13.1962875185 0
0.979354586805 12.6902160485 0
-7.70258350498 13.1130957863 0
-6.53052027618 13.1919018308 0
4.13933153541 3.77974684563 0
4.09169457244 3.64657160745 0
4 3.53556048902 11
4.25379107666 4.72778349795 0
4.36965850939 4.92942263445 0
4.19381304532 5.12036046448 0
4.57057335929 6.0414167176 0
4.15792815643 5.86189022274 0
4.27637228156 6.00567423663 0
-8.85513209044 6.47664038457 0
-9.49345014195 8.20362496432 0
-9.30978884001 7.3324085044 0
4.82041290779 7.52264714585 0
2.1559516211 12.0683460339 0
2.91964262495 12.2936385378 0
4.14978272653 4.53871925178 0
4.01826733075 3.94609319835 0
4.01011084939 4.23992735232 0
5.05665853994 8.30003178729 0
4.93501665278 8.62840020607 0
5.04176392932 8.97055062795 0
5.30958099421 9.3321577096 0
5.33866488453 9.76758457732 0
5.16777569435 10.1764794941 0
3.84574955774 11.6680902297 0
3.54220265648 12.1279962067 0
4.54867205948 10.9824185957 0
4.88151946395 10.5970672754 0
4.15047401679 11.3319737327 0
-7.68992482616 5.28427958791 0
-8.2901046073 5.73874706239 0
-9.57184051933 10.4825400923 0
-8.79654504721 11.1688414277 0
-9.32988935443 9.193921628 0
-8.02734829476 12.0006773219 0
-4.74626424156 13.2144626517 0
-6.88138203932 5.28425414614 0
4.88570993151 7.01786652803 0
4.74423905492 6.52187314802 0
-5.50763908758 13.0157076699 0
1.17795007697 11.8000873559 0
-0.631918691535 12.8475257029 0
-2.83149690943 13.7055520466 0
-1.61904004391 13.5243044115 0
-3.91794160589 13.0026893315 0
4.82797924856 7.94216679463 0
-2.92193435745 3.416 11
-2.93391305802 2.801896868 0
-2.85717582728 2.326 12
-2 2.098 0
-1.48980779603 1.65962219851 0
-1.76707444421 1.79304418885 0
-1.8567626595 1.96188496494 0
-0.0520361364718 1.78550218441 0
-0.996586915893 1.8395460035 0
-2 2.23296448744 12
-1.90417151758 2.1740992811 0
-2.39861410645 2.326 12
-2.14232601633 2.326 12
-2 2.326 0
-3.5417869586 3.644 11
-3.62221978973 4.422794605 0
-3.32132814308 4.734 10
-3.58106189679 3.99120351142 0
1.50464298507 1.94147219006 0
0.789806473453 1.95051684064 0
1.29950819599 2.03025176838 0
3.61917404619 2.58909367913 0
3.56910683569 3.00251973587 0
3.40949813588 2.326 12
3.50091419978 3.416 11
2 2.326 0
2.13544661705 2.326 12
1.81111150113 2.098 12
1.8894387855 2.19393182858 0
1.90095242415 2.312488564 0
4.0788504589 5.37807838374 0
4.01140178365 5.67344143841 0
-4.04625094609 5.50727749413 0
-3.85866760097 5.90497068872 0
-3.99008508843 5.78828473111 0
-5.9490844659 5.34802803561 0
-5.02393978018 5.45232667927 0
-4.4903256572 5.58358014734 0
-3.68607823584 6.052 8
-3.6859287488 5.31628328256 0
-3.67617809347 5.73851413954 0
-3.50256001328 4.962 10
0.212750820866 12.2151680842 0
4.77187460835 8.20624738724 0
4.0010566731 5.85552757344 0
-7.09033342258 12.4139061759 0
-6.12152247626 12.4205804977 0
3.99917838529 5.09010337253 0
4.00180718942 5.96713605782 0
3.87196226695 5.89436266215 0
3.9708978622 3.75711743237 0
4 3.644 0
4.09741256152 4.73745528455 0
4.12927973984 4.91345395605 0
4.00180643196 4.64186480991 0
-1.42384051844 12.6163566261 0
4.36518639767 6.27419113948 0
4.08782633305 6.0268583475 0
4.14409307098 6.13820613699 0
4.46065777941 7.25242626222 0
-7.96492838952 6.41543350012 0
-8.3439796505 7.20213283652 0
-8.56527543904 8.17955044868 0
4.3904872176 7.55933118293 0
4.50729112926 7.83775229481 0
4.78106575168 8.84628630818 0
1.96774255345 11.2544230551 0
2.82969128708 11.5195063804 0
3.76979534076 5.17015819839 0
3.87796421857 4.54660766303 0
3.75743437529 3.93615030895 0
3.69463549046 4.35524899282 0
4.64272236607 8.64439812661 0
4.69302196856 8.41917933228 0
4.75376942224 9.06616116877 0
4.95848470329 9.26693072524 0
5.01840288802 9.58258681148 0
4.89064073467 9.90800691 0
4.65777037232 10.2124321263 0
3.47862027756 11.3252259373 0
4.13454152678 10.8019582311 0
4.37590347281 10.4979112662 0
3.77846064358 10.9438698861 0
-7.29915244328 5.97796108459 0
-8.57864040751 10.0924860154 0
-7.92283651766 10.8535631972 0
-8.33810270637 9.14370500041 0
-7.22471313371 11.3993115164 0
-4.70771416342 12.4187330974 0
1.08493422806 10.8536100857 0
-6.49904723879 5.94261749484 0
4.33942075122 6.9155774274 0
4.24413271735 6.55702993434 0
-5.35021890713 12.0160218288 0
0.179357017394 11.2853834552 0
-0.610937086112 11.879595589 0
-3.19478199966 12.7971928835 0
-2.39108935291 12.6989399847 0
-3.92537875069 12.1905221526 0
4.5308468118 8.1476791558 0
-5.8869165521 6.03322347001 0
-2.15258006207 3.416 11
-2.42649759031 3.416 11
-2.45259949695 3.07610417438 0
-2.4334333083 2.64086982045 0
-2.04076597188 3.32284268797 0
-2 3.416 0
-2 3.52998703627 11
-1.80132634035 2.098 12
-1.55101111738 1.94884055072 0
-0.185247241203 1.99741261135 0
-1.13686641001 2.01079355997 0
-1.72108462746 2.18890244129 0
-1.85312392648 2.29461166746 0
-2.01417020089 2.44438887794 0
-2.15992766138 2.52423515099 0
-1.86166381749 2.43277012612 0
-2 3.644 0
-2.15461778977 3.644 11
-2.76662678902 4.734 10
-2.98772656895 3.644 11
-3.14373410483 4.25191977055 0
-2.44437962933 3.644 11
-2.3691475394 4.734 10
1.51191495758 2.098 12
0.967431232279 2.098 12
2.83820129459 2.326 12
2.38394782436 2.326 12
3.10120458579 2.82620474179 0
2.93117383024 3.416 11
2.1681868328 2.49811022154 0
2.00504793371 2.42541800112 0
1.7091685697 2.26240198684 0
1.87184828792 2.43175132602 0
3.69386625748 5.45076356665 0
3.66803766112 5.79055439782 0
-3.88528233752 6.052 8
-4.25761693587 5.79533875462 0
-4.10896290785 5.92348156105 0
-3.99386930562 5.96204360413 0
-5.31500719104 5.92559333006 0
-4.658966724 5.94093892067 0
-3.33725288811 6.052 8
-3.20287165521 5.5364748281 0
-2.93754113525 4.962 10
-6.65374864581 11.8204898054 0
-6.03763388456 11.6726319591 0
4 6.052 0
3.82035385479 4.962 10
4 4.962 0
3.88912324004 6.052 8
4 4.734 0
3.6979557128 6.052 8
3.83917932415 3.644 11
4 4.84187992192 10
3.84700324893 4.734 10
-1.28421767841 11.7361916173 0
-1.94900394692 12.0594550614 0
4.13394727957 6.29528443939 0
4 6.14821073998 8
4.16439008575 7.20049425715 0
4.22368007332 7.37330175435 0
4.17100878077 7.58154463523 0
-7.44909928429 6.84948653666 0
-7.81202969763 8.32429630697 0
-7.67661913541 7.60691168196 0
2.42888130059 3.416 11
3.54078751768 3.644 11
4.24478896634 7.80805392625 0
4.31859430974 8.04002913119 0
4.69133271685 9.25123756686 0
4.56545552018 8.97538279975 0
4.57181927856 8.8148701108 0
3.01580700669 10.9251591155 0
1.85400063401 10.4538296794 0
2.51493258963 10.770743199 0
3.49481292345 4.962 10
3.55864244102 4.734 10
3.32013874026 4.16542151873 0
4.43670034088 8.70122477652 0
4.46305354396 8.53429820516 0
4.45578583965 8.34839374617 0
4.51000161519 9.15469271279 0
4.70936495486 9.47579018891 0
4.67195509786 9.70390264856 0
4.47457079043 9.91436095641 0
4.21077356993 10.1548850972 0
3.41423144656 10.6806341691 0
3.87223473829 10.4476619356 0
-6.72937586033 6.65785376074 0
-7.68840513471 9.93543781823 0
-7.14648451573 10.5790880363 0
-7.55150855791 9.18077842945 0
-5.60867380059 11.3626227201 0
-6.35086835859 11.0387026982 0
-4.56071755553 11.6944156608 0
1.04364398005 9.89198907365 0
0.0734143499339 10.2421466745 0
-6.07433664458 6.6141743041 0
3.98692745707 7.0759765045 0
3.95401121405 6.48243091417 0
3.95086104375 6.80464241673 0
-5.02368163013 11.2736731597 0
-0.854028432218 10.9369233213 0
-3.17818501588 12.0058060469 0
-2.52816162418 11.7055342008 0
-3.85605094679 11.4860088663 0
4.27117075405 8.25634003384 0
-5.44310905024 6.51426441173 0
-2.1295884411 3.19167936077 0
-2.11226198026 2.87010755406 0
-1.91040406069 3.29184148378 0
-1.8939344507 3.42220003926 0
-1.91035708645 3.64741190149 0
-1.86480415109 3.53261189624 0
-1.50724900668 2.098 12
-0.0334397525006 2.098 12
-0.989313370068 2.098 12
-1.58214637603 2.29844701774 0
-1.67551556265 2.51329319025 0
-1.92130792739 2.67636144358 0
-2.02073766202 3.76146915619 0
-2.21555547998 3.86939455498 0
-2.54655557741 4.18313822719 0
-2.13725113865 4.734 10
-2.21052766822 4.50480053052 0
1.36096760622 2.20087312739 0
0.693882594906 2.1921303544 0
2.41777920408 2.66562847659 0
2.49679487651 3.04185437857 0
2.00355338205 2.631625517 0
1.47129463333 2.38439588813 0
1.72901047283 2.52226246732 0
3.36635370926 6.052 8
3.22285479723 5.53095349217 0
-4 6.052 0
-4.27377419204 6.02703603914 0
-4.0886953779 6.04786994311 0
-4.8718596931 6.36448859269 0
-4.40283216646 6.23241749073 0
-2 4.734 0
-2 4.84927515263 10
-2 4.962 0
-2.15405036237 4.962 10
-2.776682021 6.052 8
-2.64000517748 5.43148076461 0
-2.43288601238 4.962 10
-1.81165316162 11.2492479173 0
4 6.28 0
4.08074882795 7.34219620721 0
-6.58554160628 10.4165694595 0
4.10820178059 7.71649276624 0
4.00108531535 7.27005305932 0
3.85725388089 7.22286652692 0
4 7.59148767093 6
4.09635898036 7.45279639602 0
-7.28867926425 8.57458736257 0
-6.88239267078 7.38157382546 0
-7.07000935007 8.01455218916 0
2.18255723801 3.2104032509 0
2.15322659149 3.416 11
2.98596540625 3.644 11
4.0889413815 7.84278435395 0
4.1380587544 7.97688022565 0
4.14181973285 8.14967752518 0
4.49711747732 9.38041518438 0
4.39731162834 8.99614847595 0
4.4104015997 8.85538837964 0
1.14019607571 9.056 4
2.98338850542 10.3715969595 0
1.83457232648 9.69109916783 0
2.45184440296 10.1290675763 0
2.91486040591 4.962 10
3.0149673668 4.734 10
3.80242688632 6.28 8
2.63621122718 4.24283320144 0
4.34031534666 9.12507139091 0
4.29393940236 8.76971192025 0
4.29907536414 8.6248791218 0
4.2926412151 8.46290559085 0
4.15474031259 8.40234343331 0
4.35874696605 9.27833104349 0
4.40840874535 9.62903005028 0
4.16111430735 9.83499542501 0
3.85299715336 10.0479504748 0
3.49258774001 10.2449263943 0
-6.18666762777 7.29163125713 0
-6.9599728872 9.04209826687 0
-6.92286538359 9.80329999829 0
-5.51129732413 10.8615012984 0
-5.90917920937 10.5387157072 0
-4.41595721037 11.0626851985 0
0.106806621843 9.056 4
-0.903810975371 9.92884737779 0
-5.55060740619 7.04239327363 0
3.61286296229 7.08023135568 0
3.6041468667 6.65291358938 0
-4.88681192204 10.6976595798 0
-1.72568717828 10.5263621375 0
-3.18867712599 11.2176753091 0
-2.47039092629 10.9418319755 0
-3.86534531384 10.9141696869 0
4.03786949967 8.29361040163 0
-4.91678649631 6.95390183213 0
-1.86909397082 3.7828935054 0
-1.82613702005 3.07729615177 0
-1.71049098566 3.39424563991 0
-1.72765500948 3.64409647806 0
-1.10061034701 2.23701496062 0
-0.284340681635 2.22181455643 0
-1.24989819654 2.46687096106 0
-1.55248869998 2.80655859145 0
-1.96026689034 3.97750645531 0
-2.1422265063 4.19670283266 0
-1.96420894325 4.43377836901 0
-1.99068158003 4.6132050499 0
1.08670336536 2.36086843035 0
0.462210421632 2.37944565851 0
2.04584979107 2.96999898909 0
1.75321346075 2.84792907682 0
1.39800833922 2.64446032081 0
2.81752177178 6.052 8
2.64908564894 5.41552736291 0
-4 6.14842446706 8
-4.13819467485 6.16936261381 0
-4.19564550778 6.34219514516 0
-4.44810684893 6.57370842358 0
-1.88682413225 4.7129940925 0
-1.87183377794 4.84203098993 0
-1.9075927427 4.96787728411 0
-2.01802488857 5.0662702088 0
-2.19905161694 5.1098995539 0
-2.36809111533 6.052 8
-2.38296860729 5.75264060087 0
-2.28026721524 5.339979757 0
4 7.37 0
-6.24680757485 10.1070269744 0
4 7.72889770943 6
3.91814584505 7.37 6
3.78417473843 7.37 6
4 7.45594800633 6
3.55631811831 7.37 6
-6.67881433976 8.4792201958 0
-6.42799016635 7.92300864301 0
1.97746390165 3.26552380526 0
-6.57963642035 9.36830762323 0
2.33536940214 4.0085261571 0
2 3.416 0
2.44764844646 3.644 11
4 7.826 0
3.99589996322 7.92667054529 0
3.99393291967 8.09119474195 0
-4.45635641688 6.92802200298 0
4.2915895816 9.45597313489 0
4.27219137357 9.0101003911 0
4.26733079679 8.90204004961 0
1.82968353572 9.056 4
3.23450555267 10.0196923675 0
2.88822774303 9.84837954571 0
2.42045759998 9.53966956183 0
2.41934185645 4.962 10
2.45609291931 4.734 10
2.21199739374 4.53368842145 0
3.45724190955 6.28 8
2.07711700813 4.27606658518 0
2.38803650421 6.052 8
4.24133347265 9.20964361868 0
4.20770984094 9.10433809265 0
4.19062044691 8.818544137 0
4.19022756473 8.70344091785 0
4.15806510509 8.57431132972 0
4.05283538717 8.48258369734 0
4.19264293435 9.32088335921 0
4.12761667479 9.60290094695 0
3.88577461136 9.75870935453 0
3.55314993531 9.84433017577 0
-5.61572482252 7.53791508366 0
-5.87684412881 7.9400697439 0
-6.35804871981 8.89791126842 0
-6.23370596476 9.69111029395 0
-5.30297144207 10.3327964115 0
-5.75453802779 10.0134887086 0
-4.34246832909 10.5703327281 0
-1.04411377891 9.056 4
-1.75098462804 9.72606453566 0
-5.12111254058 7.46016864011 0
3.16729941203 7.37 6
3.06386241932 6.83832055131 0
-4.71082885116 10.2468075288 0
-2.36630930018 10.2368880563 0
-3.43053178503 10.6721223318 0
-2.91664546203 10.550321412 0
-3.89995937542 10.436950658 0
3.8842926303 8.39007452311 0
3.83705947343 8.21256385265 0
-4.44867277637 7.22435454473 0
-4.69039735699 7.48506787779 0
-1.68908654816 3.90411652018 0
-1.42119096328 3.21729989524 0
-1.44128802737 3.63453410592 0
-0.384041803657 2.49496773459 0
-0.953714530444 2.85208203341 0
-1.7332558553 4.25885333006 0
-1.76289890109 4.56166890683 0
0.778088491898 2.70431935678 0
1.7134521045 3.22578246024 0
1.34315362898 3.0643527888 0
2.38513767404 5.71831255963 0
2.2286632962 5.26932862051 0
-4 6.28 0
-4.0616102307 6.45968381691 0
-4.12828585256 6.7596773949 0
-1.69104673479 4.7576564086 0
-1.73075263142 4.96515346797 0
-2.13456916156 6.052 8
-1.8669864041 5.12978233454 0
-2.02499688217 5.26379571679 0
-2.11178280612 5.8897690344 0
-2.08075424378 5.59577820712 0
-6.10197234756 8.42164874045 0
1.86076425847 3.3819623273 0
2.21335929736 3.79221721407 0
1.66070608911 3.51228654086 0
1.87147492582 3.53138885848 0
-6.05323542184 9.25499536192 0
2.04268251566 3.95119403317 0
1.78123042049 4.03543237008 0
2 3.53138770015 11
2.15591159315 3.644 11
3.86431191037 7.826 6
3.83211817682 7.99477452674 0
-4.16259346637 7.08443006934 0
4.08237636533 9.42130848086 0
-5.01826744018 10.0284448842 0
4.17538723564 8.99534504214 0
4.15543669473 8.90373114355 0
2.45417690411 9.056 4
3.24857253973 9.65084619862 0
2.89799448189 9.41451717003 0
2.14773741982 4.962 10
2.15825080546 4.734 10
1.96122458286 4.58503546397 0
2.86693648851 6.28 8
1.76696609841 4.4221043349 0
1.99285097359 5.10135235419 0
2.12507746721 5.89408261632 0
2.14171000913 6.052 8
4.12383793558 9.19663968253 0
4.1250803809 9.09315093309 0
4.11023782711 8.83772698633 0
4.12396803668 8.76350335512 0
3.94067023246 8.51486519317 0
3.76354783621 8.50466328355 0
4.08684186766 8.67958357974 0
4.0159285688 8.61137501481 0
4.03925275052 9.28441915342 0
3.90616211853 9.52290622846 0
3.69606456691 9.61874846587 0
3.49263347999 9.50579194275 0
-4.20837758341 7.33027982196 0
-5.37829924815 7.93025013377 0
-5.59559829403 8.40137733014 0
-5.84051971504 8.83982086032 0
-5.73233648758 9.55367623509 0
-5.3720281838 9.81047017195 0
-4.27320705423 10.1748495375 0
-1.75453929759 9.056 4
-2.35443675277 9.59400657289 0
-4.96444584999 7.85317614818 0
-4.49081449616 9.91160669851 0
2.63734842492 7.37 6
2.54231539109 7.02698678723 0
2.43910402014 6.65655255201 0
-4.75810984426 9.82579977646 0
-2.85474248488 9.9641559495 0
-3.67114268048 10.1701921581 0
-3.31435243826 10.2070144619 0
-3.98539308718 10.0461020204 0
3.63116151102 8.35670881036 0
3.57359796288 8.10514957758 0
-4.34435898346 7.5332183342 0
-4.58632502441 7.84911733188 0
-1.35368835395 4.06434973483 0
-0.907271523847 3.52237794387 0
-0.050548348873 2.99343607892 0
-1.41058997375 4.57271051245 0
0.76279585936 3.40032309204 0
1.301786535 3.5368799907 0
2.06364636984 5.62289068478 0
1.94603363516 5.34054989591 0
-3.89372319605 6.95604360047 0
-3.79531698119 6.28 8
-3.83410899287 6.57259599891 0
-1.43478221218 4.97974868459 0
-1.63336807331 5.20248866318 0
-2 6.052 0
-1.80108856888 5.4652911726 0
-1.94814339414 5.95365654382 0
-1.8849934912 5.78583251384 0
2.02572939084 3.74646150429 0
1.745052154 3.72007131569 0
1.44316145131 3.83502000435 0
1.909429443 3.6520300758 0
-5.61278701094 9.18159730471 0
1.89035875111 3.80890260848 0
1.44646181688 4.20537486657 0
2 3.644 0
3.62151382892 7.826 6
-4.08687963031 7.26203340369 0
-3.99733161225 7.17091341096 0
4.10621122775 9.03256981905 0
3.91570976228 9.35644051573 0
1.73307497693 4.71202972196 0
1.8862340355 4.98711648057 0
-5.04576521838 9.65159340553 0
4.09057004984 8.96554027378 0
4.06551652364 8.89895275771 0
2.94854513066 9.056 4
3.24962300748 9.32324739509 0
2 4.962 0
1.90632462051 4.73019419318 0
2 4.734 0
3.53126513565 8.59505633471 0
-4.07166008066 7.37406679171 0
-3.85474423298 7.21462960051 0
2.40504353852 6.28 8
1.40710107205 4.59247517958 0
1.73785294727 5.1801382978 0
1.91675918414 5.87213824046 0
2 6.052 0
4.0639438339 9.13594801735 0
4.01195154861 9.18276700913 0
4.05510088377 9.07792736836 0
4.0437810464 8.83692888666 0
4.06700414183 8.79454562059 0
4.04730521153 8.74848546673 0
3.86938953377 8.60505983628 0
3.73450422967 8.68153213244 0
3.99982091015 8.71026104703 0
3.93678612152 8.67890931321 0
3.92776595454 9.22416853954 0
3.71481306336 9.39402677624 0
3.51479778594 9.25820321592 0
-4.12214327373 7.48230199934 0
2.12020606245 6.46738816835 0
-5.17805039957 8.22536565099 0
-5.28571907167 8.55834047696 0
-5.39884790896 8.89348136806 0
-5.29906259062 9.35567912025 0
-4.20219144831 9.83518726136 0
-2.39369663546 9.056 4
-2.84123632103 9.45744906837 0
-4.56668668263 9.6200680989 0
-4.84614737655 8.16779083991 0
-4.59979249646 8.14806108144 0
-4.36424309998 9.62858141512 0
2.30557416996 7.37 6
2.22204948061 7.11076632454 0
3.24862677826 7.826 6
2.08998968381 6.80251142746 0
-4.76355513382 9.49985510906 0
-3.20438710738 9.72049447687 0
-3.76377587134 9.85738697534 0
-3.49579838983 9.83945198942 0
-3.96755662507 9.73252281157 0
3.24610824825 8.37555389337 0
-4.15747214951 7.62054881544 0
-4.29072005877 7.78923814474 0
-4.36301359924 8.05403192553 0
-0.845723670833 4.32497255893 0
-0.0900624171974 3.77658919385 0
-0.97405588126 4.96634276347 0
0.832058440365 4.1891283734 0
1.71018077752 5.6029812819 0
-3.55691327002 6.7355367279 0
-3.59654355562 7.10258840254 0
-3.44258089832 6.28 8
-1.35378878474 5.5169568206 0
-1.90856214679 6.07642835547 0
-2 6.16649893564 8
-2 6.28 0
-1.60802651154 5.85260836365 0
-1.80101239478 5.99929049414 0
-2.84328125036 6.28 8
-2.38874482622 6.28 8
-2.13814283439 6.28 8
1.4701551207 4.94581739256 0
1.87935297734 4.84965288711 0
-3.98556212763 7.2996309038 0
4.04472152051 9.02065387806 0
3.81291153611 9.2714521778 0
1.72989050616 4.93765361602 0
-4.97358930574 9.33057830031 0
4 8.97772755677 4
4 8.89285502876 4
3.29938946293 9.056 4
2 4.84521932494 10
-4 7.45886864326 6
3.56157452538 8.828 4
3.21964172744 8.828 4
-3.69257182045 7.37 6
-4 7.37 0
-3.89076311359 7.37 6
2.14602421405 6.28 8
0.948460699609 4.90755588616 0
1.3585665364 5.35481623056 0
2 6.28 0
1.93185698501 6.40033446891 0
1.89267356905 6.04155144227 0
1.70473053798 5.94154283865 0
2 6.16673954627 8
3.99742170283 9.10989932251 0
3.9285164934 9.12909541313 0
4 9.056 0
4 8.828 0
4.00045729181 8.78244023739 0
3.85514693006 8.73790305178 0
3.75564263815 8.828 4
3.93861174385 8.7653670055 0
3.5478819354 9.056 4
3.83103771551 9.15158389373 0
3.6919667253 9.19449444117 0
-4 7.59614365017 6
1.86958398709 6.59424017065 0
-4.98416332928 8.49509460467 0
-5.10019336271 8.80815169288 0
-5.015701311 9.06704367841 0
-4.13409723714 9.58483003603 0
-2.8950820525 9.056 4
-3.22574735847 9.35090565764 0
-4.50387720716 9.38950073761 0
1.99285480515 7.08886738642 0
-4.7210085343 8.43780628245 0
-4.47060960513 8.3081306566 0
-4.28478637284 9.4386269898 0
2.72423919416 7.826 6
2.11222837042 7.37 6
2.01953698208 7.26227854609 0
2.77905853863 8.27035550091 0
1.7843591014 6.92601519454 0
-4.713679012 9.21843450463 0
-3.52001562805 9.51694410711 0
-3.74488462196 9.60493069911 0
-3.93702859622 9.50286987186 0
-4.25738447889 8.2779257455 0
2.68335978039 8.828 4
-4.10376373172 7.73592229351 0
-4.10813133301 7.84452501466 0
-4.16792467615 7.96403562305 0
-4.16978849107 8.14220241377 0
-0.755947168846 5.59162853632 0
-0.0310601206131 4.93204955343 0
1.30155401087 5.8764568111 0
-3.33827201036 7.37 6
-3.04998093904 6.86574934219 0
-1.20406817505 6.12109207224 0
-2.00873553756 6.3934641331 0
-1.86432676231 6.189515417 0
-1.90009879541 6.33049009796 0
-1.63189229122 6.16347228947 0
-2.47436953631 6.63852271595 0
-2.15825803501 6.49672559365 0
0.672914224032 5.6030934468 0
1.68720845545 6.42166687586 0
1.86327408982 6.27912459259 0
1.63627786672 6.1665662688 0
1.84711652692 6.14248601508 0
3.84406566677 9.056 4
3.93078401888 9.056 4
3.940459387 8.828 4
3.86782120232 8.828 4
3.72222383532 9.056 4
-4 7.72907515758 6
1.52151593406 6.71970161493 0
1.28398074618 6.31106341683 0
-4.75835261894 8.99438932238 0
-4.84162394608 8.75992922874 0
-4.08692537102 9.4058122572 0
-3.27165731529 9.056 4
-3.53101018163 9.26432653126 0
-4.49878309321 9.18875123573 0
-4.3348481357 9.25579449473 0
1.8663028144 7.22246092013 0
-4.65411835476 8.66352834995 0
-4.50786354957 8.53600866337 0
-4.34032038459 8.44536697881 0
1.36958580313 7.05416715001 0
2.37257048447 8.10888968162 0
-4.1948663689 9.31397427228 0
2.37248745012 7.826 6
2 7.37 0
1.91832868429 7.38165027295 0
2.22694519829 8.43165919114 0
1.65425205434 7.19134357218 0
-4.54877501922 9.02392309811 0
-4.15222907326 8.41992959123 0
-3.94485660256 9.34147610097 0
-3.77072426949 9.36977673759 0
-4.0373994035 8.29328840649 0
2.10557967836 8.828 4
-4 7.826 0
-4.00076097782 7.92768332794 0
-4.00733010698 8.08998532994 0
-0.298928123949 6.14752541168 0
0.560150849616 6.30635393501 0
-2.75904503743 7.37 6
-2.45202022137 7.05280286066 0
-0.907647302806 6.63462256076 0
-1.44737789981 6.52264937859 0
-1.90968707685 6.55046043803 0
-1.74398202005 6.3954788191 0
-2.09962963456 6.8288876064 0
0.944866098581 6.7405348344 0
-4.60346963873 8.85115296624 0
-4.0605003851 9.27114950289 0
0.810648473928 7.07494215036 0
-3.5459736343 9.056 4
-3.73198470949 9.19840565162 0
-4.25622540566 9.14960330718 0
-4.36969096467 9.07304891567 0
1.77544207272 7.38743285644 0
-4.23795299483 8.54420188289 0
-4.46881476704 8.73788929345 0
-4.35465078468 8.62979770917 0
1.28009442538 7.28441555708 0
2.1768470858 8.0022695468 0
2.0355659591 8.15522589147 0
-4.16012875779 9.20690894778 0
2.17495631705 7.826 6
2 7.47184541649 6
1.85461758247 7.51422143365 0
1.8304116454 8.4551019419 0
1.53541361782 7.41133205741 0
-4.00544074221 8.4755351229 0
-4.40797277461 8.9055112548 0
-4.10315376428 8.55591036992 0
-3.91827246943 9.22993868996 0
-3.84502318929 8.23426113749 0
-3.87164021842 8.40394008182 0
1.59911498845 8.828 4
-3.84935526156 7.826 6
-3.82284299715 8.00424653877 0
-0.139939545623 6.89595988995 0
-2.35159259798 7.37 6
-2.1465214462 7.1682880687 0
-1.20476013597 6.97436436732 0
-1.69511021951 6.81004625707 0
-1.88748094714 7.07972869588 0
-4.16847806356 8.62942333771 0
-4.04572015101 9.18449353091 0
-3.9816783564 9.16511530468 0
0.425427482409 7.2503474491 0
2.09155728185 7.90696530855 0
-3.84333940506 9.1478240255 0
-3.7253509118 9.056 4
-4.28973192204 8.98162944284 0
-4.15671539417 9.12202322585 0
-4.22394918458 9.05916936755 0
1.80054875816 8.17171772925 0
1.64732881492 7.52157954752 0
-4.22952606664 8.70157147919 0
-4.3211075107 8.78715579929 0
1.03228897941 7.41434271787 0
2.00278853829 7.97806290722 0
1.87513216638 7.98930354667 0
1.73702351353 7.598 6
1.8828456183 7.598 6
-4.08865870264 9.12504610372 0
2.06513758033 7.826 6
2 7.598 0
1.4588234162 8.35554599293 0
1.22421371191 7.52874506318 0
-3.87018719404 8.55368565974 0
-4.00642590739 8.61132799788 0
-4.25901840936 8.89565841493 0
-4.09953198177 8.68612456359 0
-3.93497844096 9.12151855798 0
-3.61941818144 8.18569872268 0
-3.6559786768 8.47525983162 0
0.976715044964 8.828 4
-3.58042770564 7.826 6
-0.824439166223 7.24408731392 0
-2.12627247666 7.37 6
-1.99024729266 7.2645701028 0
-1.81562498136 7.25539604465 0
-1.53292659783 7.1954112448 0
-4.01853135732 9.1131981802 0
-0.0819474339573 7.38881737731 0
2.00591530655 7.88298027274 0
-3.84246188588 9.056 4
-3.40018452512 8.06839395372 0
-3.92913578669 9.056 4
-4.17815746696 8.97850990298 0
-4.1289737255 9.05148427278 0
1.64512623832 8.01319817995 0
1.51972686606 7.598 6
1.65835829122 7.67041939075 0
-4.14830520647 8.76093115813 0
-4.20217632667 8.81942400708 0
1.93757013853 7.65093828823 0
0.420800343462 7.49942022452 0
1.93300199215 7.87963069002 0
1.79848828242 7.86212846865 0
1.79653594139 7.71331905061 0
-4.06380451865 9.06473854797 0
2 7.826 0
2 7.6957281176 6
1.16110888324 7.598 6
1.28697780635 7.99596738 0
0.964106268039 8.25413701744 0
0.525021101565 7.598 6
-3.57715493973 8.828 4
-3.74063500069 8.66726265016 0
-4.04558634391 8.74099662672 0
-4.00145174575 8.70338696156 0
-3.9116243462 8.66887173367 0
-4.1504536918 8.90273753485 0
-4.07824985021 8.78083392287 0
-4 9.056 0
-3.25298494565 8.42444965562 0
-0.822221311852 7.47355515164 0
0.12637649769 8.29469889749 0
-0.0464131200056 8.828 4
-3.15285942196 7.826 6
-1.38392062291 7.40471215252 0
-2 7.37 0
-1.90394359214 7.37435260318 0
-1.72132763954 7.39214073624 0
-4.08978457434 8.9789163441 0
1.57769045551 7.80875878017 0
1.42291601481 7.67867625613 0
-4.11459944738 8.8351924845 0
1.92197117065 7.72163571918 0
-0.285676992772 7.55260058373 0
1.95149161987 7.80705900931 0
1.88772814375 7.7939518884 0
-4.04269917525 9.01815202661 0
2 7.76893602345 6
-3.25873628623 8.828 4
1.06194305471 7.67562180874 0
1.15570646801 7.7996664217 0
0.438823240538 7.64714578299 0
0.500181347827 7.94968802735 0
-0.472519027208 7.598 6
-3.75810707599 8.828 4
-3.84928684372 8.7440648657 0
-4.00264000376 8.78051383517 0
-3.93882036575 8.7616610917 0
-4.06604723254 8.9020785689 0
-4.04651241491 8.83504303201 0
-4 8.97498809351 4
-1.03311663492 8.828 4
-0.523791249448 7.97342048104 0
-1.37346861383 7.52949097037 0
-2.73940225546 8.828 4
-2.66560820144 8.26578388387 0
-1.14369945619 7.598 6
-0.895373312853 8.28763548922 0
-2.5944133219 7.826 6
-1.68680409514 7.51867838331 0
-2 7.46893545202 6
-1.87906309682 7.49491863492 0
-0.403919949601 7.67577526062 0
0.486603007493 7.75086664331 0
-0.319337016736 7.79137795905 0
-1.05510069169 7.65386444607 0
-4 8.828 0
-3.86477109139 8.828 4
-3.93890614459 8.828 4
-4 8.8917661181 4
-1.63161041397 8.828 4
-2.13849175945 8.828 4
-1.41577913424 8.4609995704 0
-1.06309419587 7.76986303093 0
-1.19868002034 7.95483701095 0
-1.51856502757 7.598 6
-2.19838380606 8.40866942142 0
-2.26907860358 8.06132760964 0
-1.73573739034 7.598 6
-1.46041924538 7.68087760354 0
-1.51952431087 8.09815269078 0
-2.27000795775 7.826 6
-1.88168380194 7.598 6
-2 7.598 0
-1.81089783373 8.39461133791 0
-1.52819271358 7.82274924477 0
-1.66725446532 7.65053361356 0
-1.93657347752 7.65018709675 0
-2.13429617623 7.92060518171 0
-1.78526282255 8.0768509788 0
-2.03923242466 7.98251167176 0
-1.99767852184 8.13992390379 0
-1.76131592719 7.7162997841 0
-1.76575994496 7.88880445864 0
-2.09507530352 7.826 6
-1.91113890944 7.71920440873 0
-2 7.69314689488 6
-2.01203598591 7.88987901621 0
-1.9243104344 7.8714316528 0
-1.91317879388 7.97255046976 0
-1.94316665745 7.80156492205 0
-1.87077575469 7.79595645303 0
-2 7.826 0
-2 7.76627555983 6
