1.35014223e-28 -1.287691036e-30 -6.32743003e-30
1.998843581e-28 3.817325207e-30 -9.177751302e-30
8.172453085e-29 -1.287691036e-30 -6.32743003e-30
1.067025051e-28 -1.717078107e-30 -9.693760654e-30
1.91743427e-28 -1.68830416e-30 2.164838498e-29
1.037244055e-28 -3.389929289e-30 -1.437336638e-29
2.073614506e-28 2.168532717e-32 6.171670603e-31
2.977890238e-29 -4.449857267e-30 -6.857089809e-30
3.417762392e-29 -9.741916277e-30 -7.517051112e-30
1.026928488e-28 -1.536140558e-29 2.441889553e-29
2.032552295e-28 -1.50352652e-29 1.83996297e-29
7.509479817e-29 9.554703488e-30 -1.588958604e-29
2.092060714e-28 9.554703488e-30 -1.588958604e-29
8.058241858e-30 -1.667670582e-30 -2.300400663e-30
5.80271275e-30 -1.788032527e-30 -3.651483833e-30
1.836770524e-30 -5.434230517e-30 1.658319354e-30
1.772906715e-29 -1.193670665e-29 -5.489975631e-30
2.535494845e-28 1.596084008e-29 2.134872171e-29
7.526331113e-29 -2.240563349e-29 2.032882481e-29
5.100185618e-29 -1.193670665e-29 -5.489975631e-30
3.4704633e-29 -4.316487161e-30 -1.831416741e-29
9.60699641e-29 -2.590638132e-29 -1.564797412e-29
1.514129602e-28 -2.975322791e-29 2.618933168e-29
1.899245517e-28 -7.594460228e-30 -2.71690833e-29
10.48670558 5.80671803 -5.489975631e-30
2.125238586e-30 -1.667670582e-30 -2.300400663e-30
3.838607059e-30 8.05427704e-31 -1.181409064e-30
1.108503982e-30 -1.579773672e-30 4.302724591e-31
2.541042082 0.4418566246 -2.602833621
15.94535741 0.4418566246 -2.602833621
-386 0 81.69914155
2.8459451e-28 1.431348945e-29 2.144250869e-29
10.69600713 42.01794462 -1.963339957
1.540077147e-28 -7.594460228e-30 -2.71690833e-29
2.513909729e-29 3.28607537e-30 -4.184023825e-29
6.929627773e-30 1.727578115e-29 -2.029371883e-29
4.149440176e-29 -2.240563349e-29 2.032882481e-29
1.069478723e-28 -2.975322791e-29 2.618933168e-29
20.68564892 9.951559864 -3.332370432
6.03243132e-29 1.997674405e-29 -1.945464893e-29
30.08781703 39.4426242 -5.721578355
2.04402331e-28 1.431348945e-29 2.144250869e-29
2.533544482e-28 -7.594460228e-30 -2.71690833e-29
-175.092151 -39.50162536 56.15720453
-386 0 121.2726997
-278.9045301 -39.50162536 56.15720453
46.832152 9.328697122 -15.75703027
48.70099045 9.328697122 -15.75703027
-2.191159418e-30 -8.131711099e-31 -2.802463921e-31
6.059629001e-30 8.05427704e-31 -1.181409064e-30
-1.24963078e-30 -1.852798679e-30 -5.958757151e-31
3.925126016 0.4418566246 -2.602833621
14.11546624 -12.39300304 -8.150777178
-115.2316684 -20.30940831 14.10924775
-386 2.649518706 71.7735929
-301.073022 -9.621973881 73.11141309
-203.6730132 -7.246355914 42.01211345
3.043838171e-28 4.778573376e-29 2.53629722e-29
19.86174412 53.04017135 -4.352657885
33.05707858 42.04078767 -2.088786015
-7.207688782e-30 -6.693778938e-31 8.543063072e-32
13.68927215 10.18410236 27.11339859
5.131900789e-29 1.997674405e-29 -1.945464893e-29
3.792113763e-29 2.283902486e-29 -2.227020573e-29
26.71327498 40.53006157 8.035862748
37.16146302 62.030006 5.401289925
72.28864125 38.83356589 -14.46707155
1.116729497e-28 2.423206653e-29 -1.576142716e-29
1.496175727e-28 2.388336755e-29 -1.170250069e-29
81.77170612 38.3683665 -18.6346134
50.19464058 71.41371302 -1.103711595
52.76804135 71.27078959 1.659194794
46.07371631 71.27078959 1.659194794
-386 -46.01008436 114.9167493
-42.3427074 -15.099566 5.779491147
-82.57053611 -48.89162695 25.3396623
8.906414227 -15.099566 5.779491147
-128.4391023 -48.89162695 25.3396623
-202.5085599 -65.96201109 55.27555935
-294.9296583 -83.27007291 78.44564438
-319.203232 -74.71282591 176.9262645
55.38595352 -0.06297283591 -23.59310676
102.8795833 -3.69039173 -33.64755574
128.1276454 14.92550062 -36.68909716
-8.552064204e-30 -8.900162034e-31 1.150126932e-30
-1.026727195e-29 -1.852798679e-30 -5.958757151e-31
-19.78065436 -15.099566 5.779491147
-3.665736874 -0.4127837505 0.7474137133
-68.55739239 0.240941252 10.64877568
-125.6180844 1.433184094 26.9152582
-386 22.56342667 85.41246418
-176.2159791 6.02927349 36.27743508
-272.8852903 22.56342667 85.41246418
74.17577005 53.04017135 -4.352657885
3.13891154e-28 1.569848754e-29 7.974994737e-30
-7.204857622e-30 1.200280856e-31 8.411302202e-32
-7.429059183e-30 1.200280856e-31 8.411302202e-32
8.818441599e-29 2.43263863e-29 -1.639815558e-29
53.77063363 10.18410236 27.11339859
25.83192799 10.18410236 27.11339859
1.169799802e-28 2.448164206e-29 -1.734851839e-29
118.0134865 58.52020681 25.02954885
87.37295623 42.49704893 37.39476002
166.4027879 55.5895501 -26.21071756
2.150768197e-28 2.760665733e-29 1.69706933e-30
2.005367955e-28 2.954037594e-29 -2.157362771e-29
4.21599888e-28 2.760665733e-29 1.69706933e-30
170.1754321 55.6353091 -25.98479952
147.5004629 62.85259301 -4.376942565
99.29197188 74.57524199 -2.26132243
140.8489282 71.27078959 1.659194794
145.3644659 74.57524199 -2.26132243
-386 0 125.7855846
-386 -74.71282591 176.9262645
-324.292009 -127.8197161 257.190874
-10.67114267 -49.4957315 -3.707013497
-47.10972505 -48.89162695 25.3396623
55.67305276 -15.11002301 -30.54782098
-101.4335934 -77.85734257 13.77270079
-273.8697828 -344.7509371 225.2151622
-184.6355108 -111.3758113 27.22684217
-246.0968309 -182.1153285 146.5686695
124.5097281 -3.69039173 -33.64755574
185.2941194 23.98741275 -44.37382032
224.5538345 23.98741275 -44.37382032
-42.84005492 0.240941252 10.64877568
-4.251212355 -0.4127837505 0.7474137133
-9.429677205e-30 6.451491537e-32 4.09010308e-31
-18.12682205 -1.501213996 2.693234394
-70.39933848 0.240941252 10.64877568
-107.7841576 16.43571374 37.79668211
-301.9562214 41.52522249 97.15728469
-272.0094906 22.56342667 85.41246418
-183.452837 16.43571374 37.79668211
-315.0813708 0 186.6250452
4.232130501e-28 2.476626862e-31 -2.189839949e-31
1.390729754e-28 2.419962392e-29 -2.134668099e-29
4.251978846e-28 -2.308203462e-29 3.736496537e-30
-2.850005972e-30 6.25629902e-31 2.886659812e-31
1.396299417e-30 1.81308805e-30 -7.200343899e-31
6.133047386e-30 1.81308805e-30 -7.200343899e-31
130.1705674 42.49704893 37.39476002
35.4966524 2.43263863e-29 59.24172623
82.19311983 8.585785088 49.88086303
2.122136157e-28 2.954037594e-29 -2.157362771e-29
4.389150255e-28 -2.797703762e-29 -1.06366348e-29
261.4962122 58.52020681 25.02954885
209.5336977 58.52020681 25.02954885
288.3232508 42.3719236 -31.95932529
295.7486147 55.6353091 -25.98479952
3.627484301e-28 4.658070245e-29 -1.681135033e-29
3.256710601e-28 4.399665397e-29 -1.914673315e-29
5.264444799e-28 -1.055461081e-29 1.28418672e-29
311.2019208 55.6353091 -25.98479952
256.7866824 74.57524199 -2.26132243
326.5453284 79.21277337 -6.043819756
-386 0 186.6250452
-333.4832641 137.5746416 276.7561596
-386 0 483.9433186
-331.2038575 -675.1625855 401.4265388
-6.547411411 -77.85734257 13.77270079
37.54647041 -49.4957315 -3.707013497
124.1160267 -51.18290394 -56.59343759
-267.6144465 -344.7509371 225.2151622
-86.38616906 -77.85734257 13.77270079
19.84959102 -82.67706389 -65.6095676
-212.7628838 -215.5250849 127.8503895
-146.4580796 -158.2038424 81.57766327
208.2127392 7.577554086 -61.36010865
282.2167384 23.98741275 -44.37382032
345.7139894 42.08271741 -65.26391188
4.856748981 1.81308805e-30 -1.100704301
-19.99708264 6.881727015 1.063911411
-3.626782063 6.881727015 1.063911411
-40.2994983 16.93057437 5.601015024
-61.75981297 32.29383239 10.46581004
-115.344231 40.31943074 47.30588727
-277.3786408 202.6993961 136.947213
-231.2895365 110.993789 92.42196085
-183.8554076 40.31943074 47.30588727
-226.2466423 110.993789 92.42196085
1.859863847e-28 2.717678143e-29 -1.712597522e-29
44.52891538 8.04761926 100.6656801
2.646374505e-28 -2.797703762e-29 -1.06366348e-29
2.932198986 -4.137818262 -1.715733769
2.404113549e-30 5.119790635e-31 -5.856587767e-31
2.907248596e-30 -8.692331922e-31 -1.316717602e-31
2.015816456e-30 -8.692331922e-31 -1.316717602e-31
3.092310388e-28 4.399665397e-29 -1.914673315e-29
211.2823734 61.29132018 54.2267268
113.534141 21.9827858 61.44428601
2.359468718e-28 3.117538742e-29 -1.595513872e-29
4.057904034e-28 -3.179937777e-29 9.54459844e-30
2.218715034e-28 -2.797703762e-29 -1.06366348e-29
537.7089647 120.7246346 -10.41685935
459.6458216 112.186783 9.710171075
354.7044246 76.29525732 26.54945016
352.1447794 61.29132018 54.2267268
19.57274848 -4.137818262 -1.715733769
403.3885141 80.29099416 -49.31736117
466.1223741 102.6919111 -33.59037225
5.725651959e-28 -1.055461081e-29 1.28418672e-29
4.441823464e-28 6.549273152e-29 -2.352138364e-29
4.91064489e-28 -1.055461081e-29 1.28418672e-29
508.1495256 112.6944641 -48.07999325
-331.2858994 137.5746416 276.7561596
-386 137.5746416 276.7561596
-297.3503277 675.5271908 93.40904936
-300.4528743 -570.5599151 -20.09681681
-386 -570.5599151 -20.09681681
-359.361474 -698.0181074 -27.88513722
-304.7184333 -698.0181074 -27.88513722
102.5583599 -82.67706389 -65.6095676
201.916898 -44.11306237 -70.77253891
100.4580022 -82.67706389 -65.6095676
-210.1088891 -415.8529825 -87.76454773
-23.56799159 -149.2251054 -64.88691436
-117.4553493 -210.2784484 -60.76479441
456.7773541 60.5456348 -69.77547352
299.2654427 14.19591417 -86.81832308
452.4178068 41.87219442 -93.5920201
384.8752877 14.19591417 -86.81832308
12.65468439 16.93057437 5.601015024
17.83534257 6.881727015 1.063911411
0.3076321776 19.15585624 -4.323144673
-27.82152807 76.18120036 -0.5759976038
-83.02036731 76.18120036 -0.5759976038
-189.986143 214.7099346 66.44676168
-224.1465935 214.7099346 66.44676168
-138.4034696 110.993789 92.42196085
5.884536117e-28 -1.175880343e-29 1.212974514e-28
3.320393159e-30 8.306974683e-31 7.940161549e-31
54.45696684 8.185802146 129.9622974
126.8065279 22.12668084 111.0310923
7.307616244 -4.137818262 -1.715733769
1.268093153e-28 -1.869381857e-29 -1.398494637e-29
1.723623433e-29 2.393384871e-30 -2.251257372e-30
3.881458662e-30 1.399877214e-31 -2.759741555e-31
1.500858305e-29 2.685190398e-30 -2.160036297e-30
2.916588104e-28 3.586453656e-29 -1.160468306e-29
3.547515305e-28 4.938664757e-29 -1.790660103e-29
354.653587 59.12568968 54.81363362
232.9766345 44.19753624 104.8538098
64.0212723 8.185802146 129.9622974
2.122895973e-28 -2.265240205e-29 -1.584808982e-29
1.123978525e-28 -1.868774427e-29 -1.990186775e-29
726.6370311 146.1587322 -29.47160524
665.9049449 112.186783 9.710171075
546.9944811 81.65825526 55.92123449
519.55638 65.57715981 83.3800678
23.36501127 -11.71277151 -3.159726053
48.73663384 0.8374943224 -9.744291798
56.04638488 -3.039135047 -7.264283968
562.9666836 95.05400334 -63.12679392
655.1927764 112.6944641 -48.07999325
2.818574363e-28 -3.232667169e-29 -2.316927541e-29
6.544727071e-28 -8.931644282e-30 2.491715995e-28
5.728637539e-28 6.549273152e-29 -2.352138364e-29
4.438883271e-28 6.549273152e-29 -2.352138364e-29
3.951676969e-28 -6.249631612e-29 -6.502165713e-29
6.200633457e-28 -6.249631612e-29 -6.502165713e-29
784.3911327 150.5270021 -67.635473
-386 0 456.2159321
-306.3510098 456.4975793 -33.41005206
-300.6882986 428.0981577 -79.08755108
-217.8512217 324.7305144 -153.1899366
-226.2741423 -415.8529825 -87.76454773
-247.6630547 -343.903269 -170.7760037
-386 -698.0181074 -27.88513722
-316.3927879 -382.1368697 -300.0151143
294.5826696 -6.212394732 -112.0969328
198.9264985 -88.8882662 -71.43170997
108.3701575 -114.8724665 -114.5767673
-113.4986379 -251.9264393 -143.1607594
-1.281953837 -211.8656899 -150.8048908
587.5795579 41.87219442 -93.5920201
419.0690205 14.19591417 -86.81832308
531.0154621 41.87219442 -93.5920201
64.33234687 13.65976907 -30.50891605
60.86082966 10.27732121 -15.90175111
52.59294348 25.56845154 -18.82020509
18.52720906 76.18120036 -0.5759976038
-37.40082728 128.4042489 -19.74341878
-123.5075725 214.7099346 66.44676168
-128.2025572 206.7297488 -121.2866543
-34.30087525 128.4042489 -19.74341878
264.0458333 44.19753624 104.8538098
166.3559426 22.12668084 111.0310923
5.61016731e-29 4.917106292e-30 -1.017461072e-29
4.329625697e-29 -1.868774427e-29 -1.990186775e-29
4.39466589e-29 2.578340246e-30 -4.961512607e-30
2.151260458e-29 2.578340246e-30 -4.961512607e-30
1.7987182e-28 -3.232667169e-29 -2.316927541e-29
78.35490878 8.135595992 199.1272421
77.11378402 22.63257698 181.3412495
440.6121815 44.19753624 104.8538098
174.4536663 43.10092822 167.5582286
1.012487691e-28 4.917106292e-30 -1.017461072e-29
1.140150066e-28 -2.212737031e-29 -2.324329424e-29
5.622000263e-29 -1.863124413e-29 -2.167338465e-29
689.557498 109.4807661 65.28152017
944.0440769 146.1587322 -29.47160524
878.2500588 142.4837079 7.73140733
780.9366922 109.4807661 65.28152017
684.2569456 136.7167419 96.91679404
30.22326487 -38.66253281 -5.987088174
69.99910151 -25.38468777 -11.43253222
2.468767211e-28 -2.956067293e-29 -3.5417297e-29
1.923767339e-28 -3.232667169e-29 -2.316927541e-29
107.868691 -7.931281861 -21.30353907
135.9884629 -14.92480809 -39.49030961
722.3263243 122.3154098 -88.09582491
822.2382054 122.3154098 -88.09582491
945.043914 150.5270021 -67.635473
3.140669924e-28 -3.684492864e-29 -2.812339246e-29
7.346692378e-28 -8.931644282e-30 2.491715995e-28
74.69324254 2.783619491 266.2527987
126.9444378 11.33425472 207.142938
3.803951998e-28 -5.900456211e-29 -4.69090099e-29
6.90027192e-28 -9.219047095e-29 8.751647184e-29
4.88370683e-28 -6.249631612e-29 -6.502165713e-29
1047.685287 162.6923045 -20.50126735
-386 1.412752887e-13 -671.5525668
-235.2780593 324.7305144 -153.1899366
-311.7704562 1.412752887e-13 -671.5525668
-129.5400491 324.7305144 -153.1899366
-150.1497237 -251.9264393 -143.1607594
-226.3369762 -256.3635028 -285.0705819
-386 -1.927794603e-13 -425.3851957
-305.7692049 -196.7390369 -319.0464354
426.9138147 -6.212394732 -112.0969328
310.1247248 -71.55434312 -158.6697908
238.7551593 -71.55434312 -158.6697908
145.1737107 -167.6917208 -186.4740408
7.064692888 -167.6917208 -186.4740408
677.8809847 63.35396497 -154.384335
579.6163958 63.35396497 -154.384335
48.49128229 278.1565508 -130.7860067
129.8224245 13.65976907 -30.50891605
131.8301291 13.65976907 -30.50891605
108.1456417 48.31098702 -58.82224513
58.04540201 83.63862959 -71.04813248
-24.24327806 206.7297488 -121.2866543
-5.329061659 206.7297488 -121.2866543
36.91006102 164.2526873 -152.5612923
98.82479882 95.85967997 -120.248701
12.83420387 -32.65611502 -1.510964135e-29
387.7635317 36.52738154 130.552195
299.7585279 43.10092822 167.5582286
3.71479624e-29 8.965405078e-30 -6.23781579e-30
9.758771962e-29 4.917106292e-30 -1.017461072e-29
4.951459304e-29 8.965405078e-30 -6.23781579e-30
7.802080961e-29 5.1963335e-30 -6.340018212e-30
6.2425605e-29 1.044466718e-30 -5.833817626e-30
809.0983962 101.3037544 -129.6093691
1.471223253e-28 -2.345445837e-29 -1.629852896e-29
224.9350686 22.63257698 181.3412495
601.5192546 80.46274076 107.5077781
390.3873125 43.10092822 167.5582286
2.128595447e-28 3.077046867e-29 -1.510964135e-29
1.5608019e-28 3.077046867e-29 -1.510964135e-29
9.743000027e-29 -2.345445837e-29 -1.629852896e-29
7.80161191e-30 -1.863124413e-29 -2.167338465e-29
4.409670151e-29 -1.863124413e-29 -2.167338465e-29
883.325594 148.909905 117.0808007
43.72939757 -11.29796542 151.1657735
1180.160732 230.0236997 12.13118016
1096.874168 176.0613852 3.977185822
1004.235118 196.6498956 42.46079718
810.3143073 121.4555686 160.9120888
962.2814928 148.909905 117.0808007
40.31457175 -38.66253281 -5.987088174
147.0579332 -33.53576821 -30.50628417
87.16023384 -48.4713453 -12.90028829
67.6425639 -26.99854972 118.6276983
58.41916038 -2.360918559e-29 91.34106991
196.8018427 -14.92480809 -39.49030961
248.5513247 -14.92480809 -39.49030961
928.7822649 122.3154098 -88.09582491
996.7780783 166.7928763 -119.8101414
1148.145467 177.6523651 -49.8999709
71.66271486 -3.617682006e-29 181.6316413
78.22941765 -4.06121538 263.5506476
310.8092932 19.41796774 265.2847161
109.8750247 2.783619491 266.2527987
231.8543351 2.783619491 266.2527987
97.43706312 -21.29270986 211.828095
89.98227102 -4.06121538 263.5506476
1308.77579 253.2119042 -62.90984266
7.778610262e-29 427.6778621 -6.521110426e-29
84.76100188 278.1565508 -130.7860067
161.6002405 347.0324453 -385.2095702
-386 1.412752887e-13 -671.5525668
-218.7607149 150.0337111 -260.4273529
-307.3988217 152.2483497 -400.5914693
-99.2771836 150.0337111 -260.4273529
4.734809941e-29 278.1565508 -130.7860067
0.9856995868 235.7880285 -138.1840507
-2.103761877 249.6027776 -3.907135591
-110.3974009 -193.1550186 -190.5303
-200.4096079 -157.9679977 -235.9593901
-386 -1.927794603e-13 -425.3851957
-306.0331973 -72.75468942 -318.0822569
-16.31819278 -176.7461277 -150.2572427
-0.9749868289 -3.917215096e-28 -5.279412832
534.8991048 -34.65311905 -183.1645674
392.729154 -71.55434312 -158.6697908
320.8013869 -129.2823109 -232.7141903
207.3823746 -167.6917208 -186.4740408
87.95671498 -235.3282271 -200.9811888
-3.554557065e-29 -3.917215096e-28 -5.279412832
-32.95885756 -39.1704277 -183.0794267
663.5935805 14.33153586 -209.3699461
754.3348404 63.35396497 -154.384335
130.2365145 235.7533528 -131.2921519
205.806168 21.17826113 -75.84669015
218.8891521 -7.892137768 -65.07122432
184.5994176 95.85967997 -120.248701
208.8221827 132.6811061 -165.3561262
129.6941378 164.2526873 -152.5612923
232.5873221 95.85967997 -120.248701
216.0833115 347.0324453 -385.2095702
542.855893 44.2410798 158.4925003
3.977695846e-29 8.965405078e-30 -6.23781579e-30
5.358570269e-29 8.691151134e-30 2.437793124e-29
1.122792514e-28 -5.94340631e-30 2.354490946e-29
1.97659677e-28 -4.519564006e-30 -1.149891997e-29
2.482653709e-28 -9.330582586e-30 -5.464583342e-30
1.154882165e-28 4.187799378e-30 1.77596907e-29
1.809909199e-28 -4.519564006e-30 -1.149891997e-29
1.356549557e-28 5.468756486e-31 -9.216269608e-30
926.0303005 136.6872838 -166.655562
39.12703072 -22.80957916 61.44476333
481.4390149 43.53680427 241.5258439
794.839879 121.4555686 160.9120888
662.8427204 75.77498128 202.7967285
27.03817899 -52.19363692 -5.410226779
2.79787516e-28 -4.383244603e-29 -8.120485891e-30
2.617685132e-28 -4.383244603e-29 -8.120485891e-30
4.088873058e-29 2.142699603e-29 2.561580224e-29
29.59201023 -21.20756736 32.46828393
15.75121286 -27.55056905 12.05943623
122.9726043 -22.88512466 62.92736679
1106.402767 148.909905 117.0808007
173.6392476 -26.99854972 118.6276983
131.1498806 -11.29796542 151.1657735
314.064041 -45.54500484 -45.36204167
676.7999863 -7.397873067 -252.5517406
1556.550288 318.7766421 -67.01604774
1392.692926 262.8213545 -3.005494367
1327.928806 254.7448986 60.57650401
1222.562859 196.6498956 42.46079718
580.7633378 43.53680427 241.5258439
1041.928299 152.7471519 187.8799892
1244.945988 225.9916941 138.5044362
110.7939138 -64.04622822 -11.18114801
205.6741931 -45.54500484 -45.36204167
181.2790843 -43.0359564 106.4793913
307.3040186 -32.56144528 -67.11249978
393.8210827 -32.56144528 -67.11249978
1117.792563 136.6872838 -166.655562
1158.259083 166.7928763 -119.8101414
1342.260607 210.1758332 -121.4610282
244.7890948 -21.29270986 211.828095
207.7946854 -22.29216606 211.9651673
176.3801112 -17.50266179 259.5089247
190.1846295 -0.5290878008 283.8378855
534.56604 17.12298789 264.8187246
285.3348782 9.604548253 287.0547242
443.9692132 17.12298789 264.8187246
266.5937476 -17.50266179 259.5089247
1520.044652 302.4582645 -85.58839553
302.5988522 259.6996641 -536.6332525
8.795670117e-29 796.3834154 -9.988799836e-28
185.6907783 376.1610058 -762.8341658
76.40748148 796.3834154 -9.988799836e-28
-386 80.35016163 -345.8717605
-306.1186235 80.35016163 -345.8717605
-205.4003249 150.0337111 -260.4273529
-97.42978039 166.1174733 -232.1373405
-3.727935551e-29 1.558577507e-28 -126.6255911
-35.14130998 42.80960375 -193.9268212
-100.2163152 -157.9679977 -235.9593901
-218.7823875 -98.40712399 -290.4957266
-386 -52.0548361 -262.2870743
56.9554099 -280.5694237 -132.3798444
5.033953741e-29 -3.917215096e-28 -5.279412832
7.679352517e-29 -420.8365558 -1.261944706e-28
389.1731324 -70.75688422 -266.040401
516.3665416 -70.75688422 -266.040401
319.7691942 -140.2572601 -294.5651075
178.0256392 -280.5694237 -132.3798444
-9.40696099e-29 -39.1704277 -183.0794267
833.8699864 52.60861484 -259.818295
291.5155213 217.2327873 -226.5747753
293.2630334 40.08711372 -116.5970506
319.3769139 -7.892137768 -65.07122432
329.3362622 40.08711372 -116.5970506
378.095171 29.93933777 -181.6427669
369.895753 126.1695062 -232.6068396
319.8758472 118.8123804 -171.8770375
396.9867913 110.8702951 -371.0897912
1.263810059e-28 -9.339467167e-30 2.683678248e-29
2.157060769e-28 4.187799378e-30 1.77596907e-29
2.003383104e-28 -4.389088819e-31 -1.929961806e-30
1.852747194e-28 -3.532998297e-30 -5.752444504e-30
985.7931791 101.5354547 -204.695964
1093.685934 171.3719935 -201.7824486
1.017428919e-28 2.142699603e-29 2.561580224e-29
767.5210259 73.63251049 272.6192808
86.89175694 -22.88512466 62.92736679
1031.162773 152.7471519 187.8799892
790.009169 75.77498128 202.7967285
922.9788381 75.77498128 202.7967285
310.2455918 -70.58837888 -36.80685848
239.7365089 -44.1991012 106.2940019
1.945622377e-28 -2.196052321e-29 2.878909571e-29
50.90578208 -61.20462598 -11.04078588
3.000463999e-28 -4.383244603e-29 -8.120485891e-30
25.27478498 -70.91621424 -0.3042505381
28.43249199 -48.60227179 8.111692803
67.40158222 -21.20756736 32.46828393
127.2328393 -64.04622822 -11.18114801
214.8571458 -61.5152664 55.31720407
1323.963458 225.9916941 138.5044362
320.2081622 -43.0359564 106.4793913
343.3180226 -46.25673949 167.4603952
430.1065085 -61.27788792 -47.98291465
845.8304269 64.26807758 -261.1963594
711.7749204 12.18874238 -303.2680377
1712.701612 367.8606588 -42.89846472
1699.212904 367.8606588 -42.89846472
1564.971877 254.7448986 60.57650401
1470.917287 254.7448986 60.57650401
948.5459735 73.63251049 272.6192808
1286.429071 182.6253128 195.388069
1470.246653 225.9916941 138.5044362
1536.703761 228.2679284 232.0056375
249.5552143 -64.04622822 -11.18114801
362.2233781 -43.0359564 106.4793913
418.7038711 -32.56144528 -67.11249978
508.400183 -46.50509372 -77.64322066
529.3184267 -63.73094568 -70.54182076
1287.006743 187.4850471 -250.1038135
1555.676007 297.9444713 -202.0242888
1356.717957 203.1254263 -124.6289704
490.7556636 -77.7674032 221.006349
438.3055388 -46.25673949 167.4603952
300.717292 -6.308268015 273.3319211
416.9049633 -17.50266179 259.5089247
449.9378232 -0.5290878008 283.8378855
1015.143977 48.71232664 276.6748192
826.9931173 8.449853758 289.786286
653.4984798 8.449853758 289.786286
568.0065201 -24.0237793 242.8130124
1754.629328 303.048307 -140.2975065
480.9351198 194.9801749 -436.6299743
578.6030727 -21.46159002 -430.0150573
320.8653706 172.2421853 -636.3558255
1.80093143e-28 796.3834154 -9.988799836e-28
179.1118012 172.2421853 -636.3558255
80.97684047 376.1610058 -762.8341658
-386 44.81141595 -268.4902959
-213.9271451 44.81141595 -268.4902959
-82.80161008 21.99811002 -228.7197337
-1.036980853e-28 42.80960375 -193.9268212
668.5641084 26.06107859 -389.7402102
-162.2616889 -14.92669017 -223.5574593
-386 -19.63055274 -237.6031188
77.53026573 -280.5694237 -132.3798444
8.546811156e-29 -595.5314999 -220.9991734
525.8126939 -77.15345582 -332.9624509
195.9606916 -221.2926345 -351.9924773
348.6913841 -224.9992546 -401.3311043
139.9789363 -522.7030095 -535.5355396
-1.301384237e-28 -14.92669017 -223.5574593
-77.86415129 -14.92669017 -223.5574593
1028.48772 64.26807758 -261.1963594
477.2231254 84.68149871 -257.6100738
432.6005484 11.43557123 -144.7502772
471.2231442 29.93933777 -181.6427669
500.1385757 29.93933777 -181.6427669
504.6104301 28.38017539 -269.5876299
644.3409967 26.06107859 -389.7402102
609.5823068 71.14518339 -393.3315491
1194.086506 187.4850471 -250.1038135
25.4401389 -48.60227179 8.111692803
1081.969011 73.63251049 272.6192808
133.6346481 -29.93849083 34.49862371
1225.813756 109.0715376 217.5726422
1118.970047 109.0715376 217.5726422
422.0705013 -70.58837888 -36.80685848
363.5038286 -61.5152664 55.31720407
46.96188647 -64.58929699 2.090068561
92.43663321 -74.93632028 -0.9894240859
58.10869711 -74.93632028 -0.9894240859
84.10350262 -61.96038757 12.04494402
169.0455895 -29.93849083 34.49862371
229.1842822 -73.59337446 -1.445168475
305.8557903 -61.5152664 55.31720407
1612.359949 276.6303441 174.0739365
510.57688 -87.2124099 124.4285254
604.4163191 -46.25673949 167.4603952
561.6131667 -81.08877213 -55.49816118
995.2137435 12.18874238 -303.2680377
875.5452264 12.18874238 -303.2680377
621.9492413 -77.15345582 -332.9624509
727.3647162 -77.15345582 -332.9624509
1947.145381 358.7773076 -49.93086794
1868.967589 367.8606588 -42.89846472
1820.325611 357.9329179 61.05616477
1713.49317 357.9329179 61.05616477
1347.004502 94.44109534 284.5111691
1317.803285 94.44109534 284.5111691
1498.272165 228.2679284 232.0056375
1778.883243 283.2269384 245.2827418
1757.550053 238.5466443 263.9564488
672.184707 -92.00716894 -94.39313934
423.3813485 -81.57552653 -18.75559454
522.879596 -87.2124099 124.4285254
557.7242908 -29.85823009 -128.6107929
645.923544 -67.13038581 -126.2904964
1468.729712 184.8891527 -230.2279104
1407.090696 187.4850471 -250.1038135
1785.835102 329.4184041 -217.1594979
1618.093234 297.9444713 -202.0242888
814.4285501 -110.8266452 235.1004705
728.1983316 -112.408238 201.9821414
655.2965954 -25.65953283 289.0643064
783.3650372 -45.27771388 256.4258884
890.7268063 -6.017970244 312.4368641
1473.257974 44.63395473 351.395035
1262.805549 38.17311394 313.6926919
1141.099394 -15.73879246 339.3698389
953.1370402 -102.2954346 271.7419358
1984.123119 329.4184041 -217.1594979
687.5 0 -568.1597264
608.3585943 11.73820311 -582.4747979
458.802723 74.83430944 -575.558633
274.7875332 87.5532969 -697.9861508
1.186553203e-28 -3.298858188e-28 -814.1116814
112.3876199 87.5532969 -697.9861508
-386 -7.856678851e-15 -229.915847
-183.6039662 14.9074654 -227.1456941
-1.251701964e-28 -1.242891916e-13 -242.303572
-386 0 -222.8169609
-386 -0.3705078806 -210.0802741
687.5 93.74564849 -289.29005
1375 0 -872.0661451
738.997067 26.06107859 -389.7402102
715.3833677 93.74564849 -289.29005
-199.9197647 -19.63055274 -237.6031188
-229.510877 -14.56957662 -222.6832477
65.65754369 -522.7030095 -535.5355396
159.3598964 -522.7030095 -535.5355396
1.831861758e-28 -6.926723944e-28 -1035.910274
467.7360936 -89.75306234 -419.4396704
275.4547532 -138.4419414 -464.0151165
-90.96817221 -25.1598216 -233.5035371
-8.909080452e-29 -28.36522802 -242.5689304
1252.865311 137.8879866 -372.511003
662.3505616 28.38017539 -269.5876299
603.7200992 -29.85823009 -128.6107929
635.770004 3.055544161 -220.0837934
668.2867729 3.055544161 -220.0837934
777.1458241 71.14518339 -393.3315491
1156.030198 -109.2801493 -518.935761
829.4328751 58.04202413 -360.4173977
1333.639819 -292.028193 -525.5554947
1295.69175 -194.4808273 -526.2693327
1375 -416.4947369 0
1429.534843 149.6234163 272.3886325
565.9090524 -107.6211866 -59.45002517
482.2041185 -80.45318122 71.02795286
119.2506626 -64.58929699 2.090068561
162.4956354 -74.93632028 -0.9894240859
198.8245043 -66.62046034 43.5222335
339.6209328 -89.51297708 8.032008867
374.1761272 -87.34992166 57.68887049
1861.950006 379.3255278 129.006266
655.0113544 -87.2124099 124.4285254
550.1776494 -122.0815242 16.41105994
537.9392475 -89.75306234 -419.4396704
748.5993132 -107.3629282 166.8703184
884.333552 -112.408238 201.9821414
647.7619877 -89.75306234 -419.4396704
1225.098256 137.8879866 -372.511003
718.7004842 -135.8665602 -51.96270169
1086.295509 66.70444786 -426.4814264
938.6143172 66.70444786 -426.4814264
777.5292177 -39.01583575 -392.1979793
2190.895838 515.5478144 -214.4980009
2103.753355 435.3022222 -69.97373802
2056.422289 432.5959576 72.06614068
1966.390256 357.9329179 61.05616477
1682.812312 101.5581549 315.1161919
1654.809798 149.6234163 272.3886325
1715.11152 149.6234163 272.3886325
2046.478659 348.4449029 267.7590792
2014.717187 238.5466443 263.9564488
1991.245283 238.5466443 263.9564488
781.7879318 -67.13038581 -126.2904964
787.4336465 -122.7159839 -89.54208043
676.4460459 -135.8665602 -51.96270169
706.1500949 -126.6016074 109.0166191
747.0234508 -67.13038581 -126.2904964
1549.973565 209.8786661 -394.3860247
1649.272793 197.8169232 -283.360854
1894.736229 329.4184041 -217.1594979
1135.596873 -102.2954346 271.7419358
1025.139719 -112.408238 201.9821414
1842.722304 44.63395473 351.395035
1119.66557 -25.65953283 289.0643064
1288.995104 -15.73879246 339.3698389
1608.757035 44.63395473 351.395035
1551.694188 -15.73879246 339.3698389
1276.605634 -102.2954346 271.7419358
2150.892415 451.1886942 -328.2089714
687.5 0 -585.4068857
352.7469136 45.16226182 -650.0377373
546.1546937 22.93613354 -610.2924108
158.6774587 45.16226182 -650.0377373
1.766344642e-28 90.85576262 -704.9105741
-386 6.454940843 -217.5788162
-220.6327115 16.06117763 -225.0494641
-90.70031022 25.84657161 -245.9124739
-8.392096379e-29 25.84657161 -245.9124739
-225.2564383 -9.128107948 -210.7808405
-227.7719597 -0.3705078806 -210.0802741
687.5 253.4508702 0
1303.820774 -292.028193 -525.5554947
1375 0 -686.811581
867.1623863 60.04065292 -540.3260502
790.6799333 60.04065292 -540.3260502
764.7821185 43.56065803 -656.411997
1210.266683 -292.028193 -525.5554947
1015.098319 -22.91158502 -558.714463
-115.0066704 -25.1598216 -233.5035371
-123.1363741 -25.53079269 -198.4662505
-124.4461122 -13.62886651 -199.2837091
85.91660895 -6.926723944e-28 -1035.910274
218.1960467 -198.7226002 -665.7054623
1.153260227e-28 3.572116172e-28 -783.5772257
393.1102195 -109.2068801 -581.4035485
-42.88992253 -28.36522802 -242.5689304
-8.782287298e-29 2.634650015e-13 -298.6214034
1474.857147 137.8879866 -372.511003
858.8441306 -30.26334744 -266.3321157
801.3021591 -94.80667574 -211.4164538
844.7707413 -30.26334744 -266.3321157
1221.617962 -131.0293207 -423.1032054
1016.500002 -50.94608555 -417.708107
1051.26148 -50.94608555 -417.708107
1365.67688 -131.0293207 -423.1032054
1385.342205 -227.0454314 -320.0345468
1375 0 -555.3658433
561.2538813 -87.34992166 57.68887049
270.0796277 -89.51297708 8.032008867
466.4289465 -95.7207244 28.95298722
2083.652745 404.5063707 215.1483976
820.3480473 -126.6016074 109.0166191
659.7841118 -137.3503916 11.04679734
748.4429526 -133.9838017 47.31272753
750.4035371 -145.3333182 -11.46795906
641.0706405 -25.78249253 -351.5264656
578.3499377 -14.37465664 -581.449182
1977.383109 64.12369332 402.0650697
976.9696534 -169.1935387 143.8046378
1146.544408 -149.846256 204.4653428
757.4293829 -61.65292535 -405.5318161
694.7306658 -25.78249253 -351.5264656
1327.453315 108.1771757 -386.6765993
907.2283781 -154.0434922 -115.0376239
873.8336008 -135.8665602 -51.96270169
2098.160259 139.0218516 402.6998398
1190.091338 107.869523 -488.4246369
1070.542953 107.869523 -488.4246369
901.2472501 -109.1388711 -455.9443324
2345.262915 450.9607524 -249.2148712
2501.702642 688.4649405 -293.6402456
2342.932236 586.5342775 1.983384515
2302.421038 584.5309612 -0.2398795569
2245.639605 432.5959576 72.06614068
1996.026336 131.6372598 399.8173494
1960.850509 207.7511379 344.0646029
2271.674621 355.5352743 343.2080176
2279.228639 349.838867 242.7793463
2213.198635 292.5343678 372.1124395
2258.88638 355.5352743 343.2080176
895.8993363 -128.5273335 -156.5806453
910.7744663 -154.0434922 -115.0376239
949.6301523 -140.198411 78.29486853
916.7649907 -145.3333182 -11.46795906
990.2576235 -167.6880979 128.9980598
947.1406926 -94.80667574 -211.4164538
2129.045164 331.2452044 -339.6603585
1724.91686 222.0516453 -457.1995918
1867.944937 331.2452044 -339.6603585
1437.063679 -137.1672904 282.0955741
1320.638969 -190.9410078 234.4935769
2276.81072 64.12369332 402.0650697
1436.55296 -63.53981833 337.3484366
1551.198448 -125.7270872 315.6913741
1596.038225 -26.06174438 326.8699517
1898.933796 15.20991454 403.6451546
1631.32539 -137.1672904 282.0955741
2364.724408 451.1886942 -328.2089714
687.5 0 -613.9096031
371.7600799 0 -613.9096031
2.862037626e-28 -6.508024361e-29 -637.5857434
-185.7930676 6.454940843 -217.5788162
-43.49109631 25.84657161 -245.9124739
-107.6959187 16.06117763 -225.0494641
-8.352253914e-29 2.734152132e-13 -287.3669723
-129.4649085 -2.046162956 -204.5265203
-116.98927 11.20452477 -206.8496249
687.5 43.56065803 -656.411997
1252.605833 0 -686.811581
1375 0 -640.8949308
885.0187639 17.2490572 -634.0676864
799.5653632 12.5647253 -628.0916264
1063.35313 -18.90118526 -615.838355
-59.20020786 -16.4931083 -175.9418462
-67.69299479 -16.4931083 -175.9418462
123.5642829 3.572116172e-28 -783.5772257
310.3794969 -35.90766956 -583.7613282
1.769942824e-28 3.572116172e-28 -783.5772257
523.0377244 -35.90766956 -583.7613282
-16.55050656 -36.21077939 -190.5930825
5.708367065e-30 1.923193715e-28 -178.1469986
2.693021636e-29 251.2288399 -264.0361518
1507.765945 145.4751658 -412.5001734
1699.900094 222.0516453 -457.1995918
1076.075262 -89.90553249 -262.3497075
1033.346735 -94.80667574 -211.4164538
1289.188228 -50.94608555 -417.708107
1269.39118 -109.6359056 -403.5655367
1493.540639 -80.77285499 -549.1051378
1484.33346 -46.49577609 -546.5377617
1375 -1.818989404e-12 -595.3068187
866.7431047 -137.3503916 11.04679734
955.6555278 -175.8324048 13.42469131
687.5 0 -566.4088804
2546.230646 691.8230641 6.6169185
1114.163965 -193.1867062 101.4950497
687.5 -14.37465664 -581.449182
2186.601231 15.20991454 403.6451546
2378.849532 64.12369332 402.0650697
1202.632716 -167.6880979 128.9980598
1401.183551 -222.3527936 201.1979675
803.871015 -137.6916451 -598.4830369
727.5353833 -101.5445722 -276.7677471
687.5 -101.5445722 -276.7677471
1291.009209 76.01554696 -395.3169477
1361.91285 76.01554696 -395.3169477
1459.269891 78.57883118 -437.5209951
1840.26315 222.0516453 -457.1995918
1858.388824 180.6077355 -576.9672642
1900.681161 369.0153395 -598.1195913
1065.280041 -154.0434922 -115.0376239
1093.158308 -175.5886872 -37.05281596
1071.10926 -151.8099009 -87.46600131
2401.122369 452.5262542 -425.5776195
2561.981897 144.0198274 466.5193844
2365.086904 139.0218516 402.6998398
1214.379202 107.869523 -488.4246369
886.7569559 -137.6916451 -598.4830369
1054.827565 20.31622147 -614.6196155
2585.68452 700.8748409 -289.0430809
2765.852878 700.8748409 -289.0430809
2741.727909 691.8230641 6.6169185
2554.053162 691.8230641 6.6169185
2488.649226 583.7913539 228.5018624
2494.979607 489.2596623 214.4535728
2444.019276 216.1887683 404.731093
2323.504458 216.1887683 404.731093
2503.437362 355.5352743 343.2080176
2507.076271 359.9904827 320.3850633
2497.570823 292.5343678 372.1124395
1058.606489 -128.5273335 -156.5806453
1052.627792 -128.5273335 -156.5806453
1092.368949 -218.5152633 7.899578398
1208.728448 -236.9793775 48.41545912
1155.418514 -218.5152633 7.899578398
1291.67335 -248.6923227 98.83852285
1726.463171 -137.1672904 282.0955741
1167.73652 -134.9777459 -206.4234892
2167.577595 331.2452044 -339.6603585
2001.409521 316.2077235 -425.2118394
1637.809915 -186.9364339 270.0583496
2766.920912 91.90756084 428.8893066
2323.83328 0.892942205 391.2579204
1841.836217 -150.8280731 371.4237879
2008.779772 -32.56843267 365.9322429
1939.029789 -179.1045237 303.2029087
2576.236574 452.5262542 -425.5776195
687.5 0 -613.9096031
303.4250584 -3.329574806 -638.1226294
3.219942609e-28 -3.329574806 -638.1226294
5.832996029e-30 82.73655582 -3.91910242e-28
-79.92078096 11.20452477 -206.8496249
-43.91840303 30.82585763 -205.7786399
-11.85096422 35.85747013 -170.879612
-63.48051816 -2.046162956 -204.5265203
-50.91142897 1.733484435 -202.2752148
2.065045698e-29 -262.4033187 -218.9460309
12.25740853 -262.4033187 -218.9460309
2.318031165e-28 3.6243848e-28 -675.3981314
1.389144507e-28 -78.67275568 -682.3836227
1.550439226e-28 -203.6866269 -791.926443
687.5 12.5647253 -628.0916264
1175.55004 0 -640.8949308
1375 0 -631.6835336
906.069097 -0.3222531642 -630.0636197
-26.77320683 -16.4931083 -175.9418462
-29.59545452 -6.500211234 -201.7038263
-11.97490472 -1.849133705 -170.9585025
178.0558693 -26.91601656 -655.3263825
437.2698204 -35.90766956 -583.7613282
2.942025696e-28 5.926499656e-29 -638.7371069
687.5 0 -623.9464717
1.449504066e-28 571.7984834 -824.0856275
1.34750407e-28 7.53064185e-29 -795.0526474
4.203528445e-29 2.218278844e-28 -365.8528562
17.08996733 142.5687811 -253.483629
45.50067344 209.012673 -489.6788089
1599.789784 115.5198398 -473.9957796
1776.123841 180.6077355 -576.9672642
1673.539343 -46.49577609 -546.5377617
1949.708617 1.818989404e-12 -767.1353562
1850.938183 -115.3862179 -716.5101015
1318.696049 -143.912894 -263.2721254
1501.784856 -132.5709022 -411.9949171
1647.304127 -227.3844363 -467.5954957
2062.5 1.818989404e-12 -767.1353562
1585.907254 -19.93157901 -623.5360013
1849.37774 -19.93157901 -623.5360013
1375 1.818989404e-12 -622.8866485
2607.291643 -14.30753802 429.1451761
2724.319007 577.1843324 -438.1227415
1894.179268 253.8631846 -633.9262692
1433.238678 -222.3527936 201.1979675
1647.313639 -264.3216522 215.5301721
1446.026019 -199.9614118 -555.7254979
1976.69588 -9.866019568e-12 -1011.07865
1939.849363 2.853120117e-12 -778.0557522
767.1357855 -137.6916451 -598.4830369
687.5 0 -704.0098404
1327.799097 219.9051579 -512.7576749
1373.872685 76.01554696 -395.3169477
1299.808629 219.9051579 -512.7576749
2386.535591 -49.85660992 442.0351101
1991.59323 255.1346991 -430.0908949
1982.928139 369.0153395 -598.1195913
2000.911319 402.1015015 -364.6962307
2422.854237 401.7538057 -529.9385705
1213.680115 -175.2548903 -124.372905
1245.09361 -195.0396914 -110.4333398
1284.774149 -241.727993 -95.32662925
2591.673049 402.6780841 -475.1120296
2676.919893 452.5262542 -425.5776195
2941.027142 833.114382 -215.3214616
2968.798582 64.79766526 534.3007012
2720.994364 214.4113151 503.1824301
1496.851601 32.1250087 -542.8360946
1247.519135 29.00567009 -630.8621003
873.2536666 20.31622147 -614.6196155
1132.115775 29.00567009 -630.8621003
3012.812148 833.114382 -215.3214616
2874.987018 700.8748409 -289.0430809
2984.929739 855.4123257 32.96938623
2803.194515 855.4123257 32.96938623
2715.167252 645.4263334 107.0958882
2718.115086 513.1237283 301.4496073
2745.837533 517.1798593 446.7912895
2679.615151 300.0102973 490.5218577
2725.406153 357.0676914 410.5951943
2764.063823 517.1798593 446.7912895
2776.723432 345.9394356 506.407601
1255.686258 -157.7865031 -195.2209507
1312.479595 -218.5152633 7.899578398
1431.043692 -236.9793775 48.41545912
1378.003441 -275.0760578 12.68596794
1550.72066 -300.1936628 112.9718994
1974.63518 -179.1045237 303.2029087
3240.15715 64.79766526 534.3007012
1397.173341 -143.7954759 -264.9886374
2296.823916 316.2077235 -425.2118394
2144.124615 255.1346991 -430.0908949
1934.659702 -276.138972 293.1582887
3046.960278 -16.30763803 473.4571812
2752.738446 -16.30763803 473.4571812
2124.428828 -156.4673069 351.5788412
2267.170833 -128.7097819 399.9769998
2223.406914 -221.4234877 331.0283782
2837.776401 460.5310398 -554.0166139
1546.580695 -262.8023946 -304.6063763
687.5 38.18320674 -629.2458624
687.5 6.046991678 -625.1556755
475.1700336 6.046991678 -625.1556755
202.3364401 -3.329574806 -638.1226294
624.6117263 78.84408348 -656.780994
687.5 0 -675.0760869
687.5 -405.0078025 0
4.410687231e-29 -1.926469586e-28 -87.06579852
-25.04346545 35.85747013 -170.879612
-20.38537166 0.9081302193 -195.4039684
-16.90648708 0.9081302193 -195.4039684
31.68266865 -38.38087476 -438.820633
52.03817451 -454.1808062 -467.3749062
90.86900257 -78.67275568 -682.3836227
133.8876506 -78.67275568 -682.3836227
112.7313166 -203.6866269 -791.926443
687.5 -2.728484105e-12 -715.1374989
687.5 -48.94017163 -659.3601643
1375 0 -630.1746581
687.5 -1.232165179 -630.2971261
1070.477857 -1.276810557 -630.6847484
687.5 1.117532979e-12 -646.1286956
1375 0 -639.9353151
1.084054207e-28 2.218278844e-28 -365.8528562
2.197695193e-28 3.894459915 -475.8202111
3.280604749e-28 -2.183604245e-28 -641.9746026
2.288694943e-28 27.83575079 -644.7474026
319.4993296 -1.409869561 -625.8890912
687.5 -0.7989325887 -624.1767942
116.9734875 27.83575079 -644.7474026
79.04254499 209.012673 -489.6788089
60.14693646 168.8670784 -456.5035013
109.984254 168.8670784 -456.5035013
1667.249747 63.8398756 -589.9774625
1884.275748 79.27042971 -691.0702771
2062.5 1.818989404e-12 -767.1353562
1799.235839 -227.3844363 -467.5954957
1910.424469 -372.0458097 -598.8298545
1975.001524 -7.275957614e-12 -972.6765414
1628.554733 -215.4719487 -400.3805004
1776.057126 -227.3844363 -467.5954957
2062.5 -1.040765934e-12 -639.4785699
1732.8327 -1.040765934e-12 -639.4785699
1375 -1.364242053e-12 -628.1013036
1635.972388 -275.9619051 171.6914696
1830.692687 -264.3216522 215.5301721
2062.5 -9.866019568e-12 -1011.07865
1375 0 -554.4430083
1375 8.719967654 0
2062.5 -9.866019568e-12 -1011.07865
1375 0 -816.0982939
2062.5 2.853120117e-12 -778.0557522
687.5 0 -704.0098404
1375 170.7719992 -292.7045364
1375 0 -680.2885725
2789.496338 -88.27421685 443.8209277
2587.341769 -129.801921 471.051588
2052.014454 128.13947 -436.9403022
2062.5 906.0136949 0
2514.360138 401.7538057 -529.9385705
2582.117518 401.7538057 -529.9385705
2684.44434 379.3195853 -428.5160672
1390.093744 -231.9847462 -194.1341654
1480.135148 -252.1963858 -37.2732254
1444.99953 -241.727993 -95.32662925
687.5 -3.849038453 -625.8030098
687.5 0 -635.8154036
2753.520941 379.3195853 -428.5160672
2875.885364 460.5310398 -554.0166139
3028.920822 842.208328 46.43288221
3175.971465 1009.917285 9.476504654
3141.716418 1238.571294 -164.3052555
2980.154149 214.4113151 503.1824301
3403.926394 64.79766526 534.3007012
3150.509662 131.792749 524.7825742
1375 0 -622.2466142
1375 29.00567009 -630.8621003
1015.580456 11.73967587 -637.0615695
3250.85715 1399.364762 -393.3639529
3127.373839 994.7072962 -582.7088318
3013.483379 760.1694953 -591.1275144
3230.276091 966.2411942 270.8139093
2965.738904 764.5963774 133.7342698
2923.689497 694.1450874 263.4675522
2971.042482 633.8316715 487.0263059
3002.726788 517.1798593 446.7912895
3015.118815 300.0102973 490.5218577
2995.566753 345.9394356 506.407601
1519.856131 -231.9847462 -194.1341654
1546.675791 -252.2151793 61.5438229
1666.8666 -300.1936628 112.9718994
1593.906346 -319.6819919 5.514846276
2029.525265 -328.1173583 235.9054371
1853.781987 -300.1936628 112.9718994
2246.953308 -276.138972 293.1582887
3762.861108 38.73999364 582.9794045
3586.135374 -19.61618195 518.8211308
1674.287574 -262.8023946 -304.6063763
2492.069217 138.2176971 -785.9294156
2156.843203 0 -466.0513631
2330.039362 181.5958093 -535.7477922
2242.455036 -276.138972 293.1582887
3207.477682 -19.61618195 518.8211308
2443.101555 -128.7097819 399.9769998
2678.880974 -155.1702334 449.3099813
2516.371462 -195.9932636 396.5528686
3068.405447 783.4748384 -876.6860183
1809.742507 -262.8023946 -304.6063763
545.4692721 6.046991678 -625.1556755
350.9895523 -67.06462279 -618.4512522
593.9724592 78.84408348 -656.780994
657.7519751 82.35586133 -336.6847263
723.8060794 -128.9612481 -543.0196973
692.52691 -24.10051589 -455.4103534
1.02259335e-28 -1.977454773e-28 -167.8972775
2.816960421e-28 -7.621081484e-29 -202.6632954
2.088481348e-28 0.9081302193 -195.4039684
85.08566066 -42.43872755 -443.3363036
176.3722992 -42.43872755 -443.3363036
243.9732892 -67.06462279 -618.4512522
771.5065986 -31.85742388 -628.5238304
833.1338898 -31.85742388 -628.5238304
1027.860871 0 -630.1746581
1375 51.7243455 -656.4719176
1228.327165 51.7243455 -656.4719176
47.41650155 3.894459915 -475.8202111
45.8544493 0.5000812482 -489.7161528
218.0328563 8.770148432 -628.0271178
453.619946 8.770148432 -628.0271178
210.6188727 202.0263025 -636.6130177
127.5603298 45.43213224 -464.0090419
175.4235114 168.8670784 -456.5035013
2062.5 0 -681.6877043
1729.029384 0 -622.2466142
2062.5 -7.275957614e-12 -972.6765414
1911.118635 -372.0458097 -598.8298545
1992.452396 -742.1075885 -1023.252543
1903.041348 -254.0903359 -427.525461
1965.752952 -255.3150716 -426.4492338
1375 335.635486 -376.5994464
1375 1.262646823 -299.6747379
1375 -334.6508136 -765.8675364
1375 -39.27904597 -656.776027
2062.5 1.818989404e-12 -637.3854982
1669.88148 -4.430677451 -630.0559698
1375 0 -644.8246296
2986.819527 -129.801921 471.051588
2062.5 0 -466.0513631
2649.652659 602.8441121 -598.9323466
1863.090641 -330.924793 65.18716504
2741.60928 368.6939809 -252.010728
2634.108758 251.6165119 -950.7274635
2625.43759 251.6165119 -950.7274635
2750 370.7150406 -217.2508244
2684.147483 683.408198 0
1649.259135 -335.8526488 -51.58896753
1625.811002 -271.350135 -153.9998102
1664.422706 -337.8282488 -161.1333407
557.8888248 5.606680094 -608.1740419
687.5 0 -684.5198945
687.5 1.592574522 -630.22457
2790.398597 155.8309795 -362.5574037
2887.579488 293.808359 -884.0599491
3039.237653 385.016771 -1114.700843
3181.596491 968.6926445 509.1751862
3388.084939 1534.093612 -74.60530489
3348.301086 1399.364762 -393.3639529
4239 36.39712437 573.7552391
3297.395658 177.7007404 576.5580031
3849.335226 38.73999364 582.9794045
3531.683696 177.7007404 576.5580031
1375 0 -622.2466142
1375 1.465108879 -631.3507212
2062.5 0 -466.0513631
1065.456406 1.465108879 -631.3507212
3449.138043 1337.159461 371.1239659
3477.572151 1399.364762 -393.3639529
3364.776246 1466.906453 -726.7823993
3232.677017 783.4748384 -876.6860183
3287.624908 783.4748384 -876.6860183
3367.613699 1164.381984 666.4677961
3151.941739 762.4831353 584.7974174
3208.37423 564.0652407 693.3096181
3234.528623 476.0586857 574.9238459
3244.203627 341.3630905 587.1659248
1818.686629 -334.8571556 -304.3762524
1783.774448 -319.6819919 5.514846276
1791.439138 -319.6819919 5.514846276
2179.693445 -328.1173583 235.9054371
2093.969932 -362.1150802 114.9583642
2521.176404 -348.1515941 318.2226233
4239 16.6641806 550.8771344
3746.101021 -7.728348883 534.68995
1955.813822 -334.8571556 -304.3762524
2547.115563 138.2176971 -785.9294156
2277.402585 86.08068991 -530.5103098
2473.406995 -424.1450275 352.5835383
3375.021457 -101.602614 574.77437
2795.588499 -155.1702334 449.3099813
3065.822038 -187.0801603 492.5130503
2766.263458 -395.8035298 499.5521468
3239.702334 453.1051405 -1356.11967
2130.906299 -270.0834185 -407.1828026
802.6966019 -120.3819214 -603.745032
472.441857 -42.2074925 -559.8209332
633.2325112 -24.10051589 -455.4103534
746.6035079 -34.26739304 -509.8673553
66.06112051 -2.54037746 -477.2425683
60.88047363 0.5000812482 -489.7161528
173.8542991 -42.43872755 -443.3363036
332.4273128 -42.2074925 -559.8209332
909.2176323 -31.85742388 -628.5238304
1037.390617 -37.29000775 -615.6956711
1177.56569 40.06986879 -540.8000992
1288.120293 51.7243455 -656.4719176
125.2031259 5.634840033 -483.3654666
137.7016343 0.5000812482 -489.7161528
412.4476681 8.770148432 -628.0271178
347.7203441 46.74471464 -532.5329321
255.9704929 46.74471464 -532.5329321
2062.5 0 -640.001633
1659.90979 -3.462102919 -631.6172034
2062.5 -789.7548426 0
2013.231058 -401.7758222 -334.7221063
2059.716532 -264.4375652 -356.8635588
2104.534211 -224.9551493 -502.8348406
1329.103349 59.11258045 -344.4754849
1372.667279 59.11258045 -344.4754849
1410.425385 -109.5831698 -538.0061286
1448.825124 -127.6037668 -533.4865015
1470.369275 -39.27904597 -656.776027
2062.5 0 -671.9269949
1871.69266 11.96898631 -621.9122203
1613.824607 11.96898631 -621.9122203
2750 -1.234214892e-11 -1159.527654
2021.33584 -362.1150802 114.9583642
2750 77.54696928 0
2750 251.6165119 -950.7274635
2750 0 -846.5946424
2750 683.408198 0
2750 4.231928829e-12 -700.1600788
1849.163992 -335.8526488 -51.58896753
1866.564205 -384.5180795 -222.7993243
584.496051 -40.85801296 -591.6338828
1928.760827 -387.3027907 10.08788785
919.1892654 18.85102035 -602.7563337
687.5 -283.5716589 -348.7033856
687.5 4.547473509e-13 -631.1547282
2750 -454.215981 0
2859.356732 0 -1086.283303
3030.985748 352.8510637 -1107.718917
2267.232389 -346.3620353 -484.5949971
3342.217618 968.6926445 509.1751862
3581.072009 1866.507141 398.6956062
3580.466714 1534.093612 -74.60530489
4239 0 676.2948205
3463.496714 269.6500742 664.6473811
3651.06994 179.2926739 724.2427192
3911.89678 0 676.2948205
1375 6.987096917 -631.7480604
1375 0 -630.2209238
1246.353375 0 -642.2325952
2062.5 -1.818989404e-12 -576.2798429
1085.319274 -29.16191665 -601.9287586
2062.5 -16.05696915 -635.9638214
3550.105812 1164.381984 666.4677961
3663.855093 1866.507141 398.6956062
3684.06807 1896.583963 -897.1954829
3581.543116 1466.906453 -726.7823993
3477.581463 1054.245915 -1435.545791
3462.350901 832.1604199 -1120.693571
3532.662493 1164.381984 666.4677961
3381.321189 677.4134321 825.2096597
3416.573648 564.0652407 693.3096181
3494.128254 400.944979 684.4965641
2084.833861 -334.8571556 -304.3762524
2082.291023 -366.2894395 -231.5089569
2007.585763 -436.0970909 -37.85917121
2059.484261 -476.7639017 19.50577996
2393.341676 -440.9424002 155.7359463
2243.95451 -440.9424002 155.7359463
2749.180975 -424.1450275 352.5835383
4239 -34.58385902 570.2614274
3832.44172 -101.602614 574.77437
2255.00447 -393.0953495 -312.0294387
2750 33.31508603 -648.9330455
2408.421648 33.31508603 -648.9330455
2707.012351 -621.4705723 356.1065979
3476.314857 -101.602614 574.77437
3014.982292 -245.5569219 511.0097286
3203.41209 -245.5569219 511.0097286
2990.958881 -395.8035298 499.5521468
3440.105696 307.2092282 -1317.298767
3220.78157 307.2092282 -1317.298767
2413.494978 -346.3620353 -484.5949971
2437.657639 -400.5536403 -406.7849377
880.5008797 -31.51891695 -507.3409728
543.9458326 1.647551124 -515.4943943
751.5410164 -31.51891695 -507.3409728
195.0079765 0.9899226615 -488.8123539
366.8294698 -4.550674275 -499.3279852
1073.711952 0.04467278254 -584.7033518
1238.662439 100.5334433 -515.3291585
296.1912166 2.090140398 -496.6794401
550.1967274 -2.526328066 -501.3835903
468.3230437 -2.526328066 -501.3835903
1850.240314 -3.462102919 -631.6172034
1570.486549 20.02836635 -606.9330533
2062.5 -158.224901 -452.9698024
2134.14307 -117.0801416 -478.8588833
2269.991269 -117.0801416 -478.8588833
1332.915515 59.11258045 -344.4754849
1428.338655 -109.5831698 -538.0061286
2062.5 0 -671.9269949
1501.981066 -109.5831698 -538.0061286
1571.57923 -14.05570829 -601.6139575
1953.492635 0 -671.9269949
1770.520821 11.96898631 -621.9122203
2072.414045 -477.8852589 -202.8919043
636.1476381 -60.26582553 -493.4888447
784.0384044 42.06619946 -667.6350759
688.4045129 56.69794153 -471.9945462
691.2904171 29.48892135 -303.2885475
2154.032863 -476.7639017 19.50577996
890.149411 40.2779233 -566.4182615
948.3942908 33.67507362 -532.4596968
687.5 29.48892135 -303.2885475
687.5 42.06619946 -667.6350759
2750 -2.136583346e-12 -1196.657893
2951.96537 -2.136583346e-12 -1196.657893
2444.775289 -288.7415515 -712.7469858
3560.014635 1115.429955 952.3761633
2613.523072 -560.8972952 232.064836
3767.640517 1866.507141 398.6956062
3803.078984 1980.740421 -578.9736656
4239 0 676.2948205
3729.524846 246.5791517 828.4621727
3963.540502 110.082323 826.9115727
1375 0 -705.1128591
1375 0 -642.2325952
1267.916883 -29.16191665 -601.9287586
2062.5 0 -623.7362892
1164.179001 -29.16191665 -601.9287586
1473.259137 20.02836635 -606.9330533
1957.847932 -73.49283818 -611.9148866
2062.5 -4.149569219e-12 -662.701379
3729.857486 1386.279339 1392.497012
3826.430225 1829.465146 955.1352143
3873.54331 2320.084796 -1085.778698
3761.097622 2320.084796 -1085.778698
3587.964914 486.2317443 -1404.526456
3659.758593 486.2317443 -1404.526456
3703.791405 1901.069168 -1523.90341
3680.634943 1054.245915 -1435.545791
3738.486139 1115.429955 952.3761633
3597.349895 677.4134321 825.2096597
3618.844479 448.6352562 837.0925437
3789.51647 246.5791517 828.4621727
2567.895239 -487.4620103 -591.5725619
2302.564757 -477.9304234 -362.6555006
2310.289836 -477.8852589 -202.8919043
2241.616247 -549.4982176 -150.3279005
2301.199888 -544.9297999 124.0633881
2465.683894 -544.9297999 124.0633881
2962.110731 -623.1532791 518.9280225
4239 0 606.7449607
3880.590874 -83.70636397 703.2972864
2472.406582 -477.9304234 -362.6555006
2963.112025 -626.1090697 507.7645109
2750 0 -641.218705
2530.053512 0 -641.218705
2297.369491 8.497427245 -624.5049109
2827.552244 -762.8777076 287.6536438
3578.387049 -139.9687783 624.9267444
3229.270742 -384.3183981 666.085943
3319.18915 -311.4917699 576.249007
3173.909171 -491.4360581 546.467078
3473.917299 307.2092282 -1317.298767
3127.712919 2.728484105e-12 -1353.08433
2597.902811 -398.1546117 -466.6289644
2648.970538 -398.1546117 -466.6289644
972.3651425 -31.51891695 -507.3409728
701.7383232 -5.071291709 -500.1712253
441.5215156 -5.071291709 -500.1712253
1235.98869 -2.5547013 -518.8616551
641.9139259 9.465892469 -500.3337389
705.1359218 14.3138653 -502.9683154
1787.386806 -22.08718228 -581.6203784
1619.373706 23.76663816 -544.9839653
2430.902239 -288.7415515 -712.7469858
2062.5 0 -398.7174339
2214.847949 -117.0801416 -478.8588833
1441.202235 -18.11522918 -514.0045303
1552.094164 -40.00475116 -560.7112365
2062.5 -3.637978807e-12 -671.9269949
1692.740868 -40.00475116 -560.7112365
1981.48982 64.41121804 -603.207097
1876.189612 58.45525182 -616.2030053
761.3831647 106.9638464 -637.8059144
781.6955452 33.67507362 -532.4596968
853.0672807 33.67507362 -532.4596968
726.7602789 104.8266032 -554.1367778
2378.282217 -594.1983294 16.24985865
815.6882345 40.2779233 -566.4182615
1045.214969 5.072005173 -517.7369431
687.5 361.4970808 -811.8587067
2750 -2.136583346e-12 -1196.657893
2586.748167 -487.4620103 -591.5725619
2554.133994 -288.7415515 -712.7469858
3911.319844 2424.660481 646.0483526
3759.702902 800.6646432 1021.216116
1313.394225 17.60432996 -452.2191835
1422.688629 113.4982199 -504.4512341
2685.553619 -742.4074417 145.5719434
3971.933426 2461.022538 -149.1068914
4034.406106 2610.860847 -720.3126245
4239 0 893.1632427
4000.30445 145.3164761 961.2697628
1375 0 -705.1128591
1340.488589 1.708262375 -301.4248542
1375 -342.8354212 -629.6097953
3857.813539 187.8684037 -1708.276945
2674.952689 -551.7236631 -712.3549323
2618.986491 -92.04235435 -713.4823075
2062.5 -4.366499986e-12 -637.4213386
1245.83074 1.87505116 -503.8557664
1536.899712 22.2690226 -508.3415802
1929.10994 -22.08718228 -581.6203784
2062.5 -62.89532607 -712.5172251
3897.400404 1928.407728 1547.539094
3904.280929 1386.279339 1392.497012
4004.24244 1928.407728 1547.539094
4067.937195 2368.064918 -2028.623249
3926.963719 2320.084796 -1085.778698
3883.953144 1948.734306 -1767.22285
3779.504788 504.6778405 -1724.781868
3967.355946 187.8684037 -1708.276945
3876.252947 1328.870644 -1852.23718
3872.449459 854.3524739 -1839.050287
3920.193748 928.4029412 1297.960871
3825.245737 514.2397379 1004.78821
4024.295188 187.9550066 1092.57977
2678.349688 -586.6087384 0
2181.945217 -4.366499986e-12 -637.4213386
2492.280546 -586.4901905 -389.9920222
2513.427258 -641.5031514 -195.3676104
2492.380789 -549.4982176 -150.3279005
2561.867938 -544.9297999 124.0633881
3182.624612 -595.769611 665.6392249
4239 -74.82585368 671.6400839
3935.883175 -100.4621982 768.5315768
3032.764173 -773.9400446 396.279094
2664.484696 -736.2134597 -402.2090248
2799.202108 -550.281962 -677.7689099
3186.069719 -773.9400446 396.279094
2750 0 -641.218705
2578.623797 -11.80083608 -624.8505617
2750 0 -1484.072904
2384.586121 18.60876276 -602.9978796
2917.157325 -821.3250927 383.3708055
3683.539841 -292.9541883 682.6767591
3402.025238 -537.1266182 786.304252
3516.960156 -384.3183981 666.085943
3390.750394 -509.8119806 833.9733825
3548.685208 -4.942909044e-12 -1525.739268
2701.662205 -342.7259722 -230.7708428
2731.949772 -371.0228513 -445.8471173
2865.767226 -653.410056 -721.4376483
1108.89003 -2.5547013 -518.8616551
833.0317814 2.144890253 -506.2934475
1435.318589 -0.02091142465 -508.2951359
1039.919817 -1.360755635 -508.5658982
1768.000033 -22.08718228 -581.6203784
2329.692067 -36.56256536 -595.7200274
2562.812476 -92.04235435 -713.4823075
2062.5 0 -520.6768017
1718.170501 4.624037115 -532.229155
2034.682831 200.0317208 -366.4543403
2062.5 -35.1992445 0
2062.5 -326.1906434 -436.3146065
1898.128425 28.09598429 -514.8639075
1984.901965 200.0317208 -366.4543403
2062.5 0 -623.7113721
2062.5 0 -623.7113721
2062.5 0 -632.3492708
1423.746022 22.2690226 -508.3415802
1376.542483 61.07626551 -338.7545355
2669.430195 -500.6634414 -849.951691
4091.369148 3939.217219 807.3567809
3922.571399 540.4944082 1262.604177
1415.481738 113.4982199 -504.4512341
2785.868347 -857.6639897 55.4354923
4239 2926.795641 -163.0015935
4239 3176.056638 -572.3928091
4239 134.7665242 918.2592861
1375 1.708262375 -301.4248542
2750 -586.6087384 0
4239 9.094947018e-12 -1636.389042
4239 -4.942909044e-12 -1525.739268
2750 -102.1009605 -736.6625212
2750 -1047.268018 0
2750 -191.0878913 -887.5325139
2062.5 -4.366499986e-12 -637.4213386
1405.445945 -2.566209452 -508.9736807
1634.142106 -4.988316021 -515.6626673
2062.5 268.151046 -580.7036867
2150.65129 63.59523226 -464.9620461
2020.368678 -26.2509717 -314.0386164
1948.987783 -38.28662948 -479.8911494
2062.5 -26.2509717 -314.0386164
4065.99357 1928.407728 1547.539094
4081.542101 413.2014305 1676.749496
4239 2927.436408 3349.842316
4239 1.164153218e-10 -3929.043342
4059.993718 2368.064918 -2028.623249
4040.973072 294.7022582 -1936.651078
4239 0 -1854.632407
4066.558951 1067.541082 -2267.680453
4239 0 1288.121609
4084.112922 413.2014305 1676.749496
4060.602318 0 1288.121609
2750 -342.7259722 -230.7708428
2263.100472 18.60876276 -602.9978796
2694.520022 -736.2134597 -402.2090248
2681.247605 -761.4160155 -72.53357401
2764.359568 -857.6639897 55.4354923
3389.840663 -713.3752193 822.5195809
4239 -100.4621982 768.5315768
3979.136326 -100.4621982 768.5315768
3172.743966 -773.9400446 396.279094
2552.708062 -177.1612541 -638.940424
2865.216244 -871.6702467 -384.5902869
2978.779305 -874.0153435 -625.5859594
3360.098174 -1176.986046 575.6297503
2750 0 -1533.144898
2750 0 -661.0877324
2668.23451 -177.1612541 -638.940424
3409.455959 36.71239525 -1490.521262
2445.773805 -107.2980318 -543.3711604
3015.000793 -1023.672618 71.0850468
3772.886993 -354.3599391 977.2635798
3610.679674 -509.8119806 833.9733825
3597.838387 -849.0489086 1032.055417
3096.311786 -667.5929736 -821.5589295
4239 5.456968211e-12 -1435.249779
2746.69431 -342.7259722 -230.7708428
2793.227539 -203.3896939 -436.6516248
2871.220701 -303.9700813 -845.2480174
3021.249283 -587.6253615 -932.3093192
1753.152867 6.882921029 -507.6348464
1417.907237 -0.02091142465 -508.2951359
1902.848283 -7.831696925 -501.9240908
2750 -37.10972598 -664.15645
2425.797076 -36.56256536 -595.7200274
2025.011389 6.64211671 -499.3891371
2140.475279 -105.7245701 -553.3144979
2067.275595 -326.1906434 -436.3146065
2117.116405 -105.7245701 -553.3144979
2052.570487 11.42548702 -462.6722273
2286.114695 0 -623.7113721
2199.546271 0 -632.3492708
1758.749147 -4.988316021 -515.6626673
2176.12853 46.10561443 -486.5649038
2098.654844 46.10561443 -486.5649038
2054.353714 46.10561443 -486.5649038
2050.870115 -38.28662948 -479.8911494
4239 413.2014305 1676.749496
4239 832.965452 2179.981794
4239 1.164153218e-10 -3929.043342
4239 3.637978807e-11 -2197.931587
4239 0 1288.121609
2750 -31.85786055 0
2329.064912 -9.859028524 -553.1265283
2120.85018 -6.508498694 -476.0605472
2980.532625 -836.3529586 12.92032299
2874.628753 -761.4160155 -72.53357401
3570.737531 -849.0489086 1032.055417
4239 -135.5891966 902.2836994
4015.86492 -240.4137148 1236.291193
3237.093897 -1299.74736 154.8177654
3406.420002 -1501.789039 375.9346862
2615.646262 -120.2858004 -454.8653472
3010.332938 -871.6702467 -384.5902869
3088.776067 -945.2936703 -757.3376644
3178.507199 -945.2936703 -757.3376644
2494.219411 -41.0469918 -510.8841447
3183.710872 115.9758735 -1454.759623
3537.686577 -1492.669612 719.8223787
2750 84.14598936 -1533.169596
2750 0 -759.0455481
2711.898867 -235.5332564 -261.5965563
3670.151942 78.34674545 -1411.258826
2575.985363 -120.2858004 -454.8653472
3197.635347 -1299.74736 154.8177654
3309.225953 -749.1800304 -1226.699679
3757.759343 -849.0489086 1032.055417
3827.867204 -480.9906473 1181.907196
3239.903348 -587.6253615 -932.3093192
4239 78.34674545 -1411.258826
2750 -31.85786055 0
2860.474224 -146.3714711 -1028.839396
3026.495385 -303.9700813 -845.2480174
2032.199866 6.64211671 -499.3891371
2112.817561 -2.032437479 -496.5837942
2750 1.818989404e-12 -642.9400123
2546.038048 0.04738335615 -642.9673509
2279.494075 6.64211671 -499.3891371
2228.240113 15.19453076 -496.8948234
2237.815467 -105.7245701 -553.3144979
2161.194144 -27.94140852 -524.2644633
2400.447519 24.35605262 -567.4941933
2331.704364 -13.54672177 -501.6587056
3116.248622 -1093.402149 -269.3477545
3731.681859 -850.7880448 1028.215011
2495.912258 -7.447012059 -493.2754767
4239 0 1071.083355
4049.04529 -480.9906473 1181.907196
3564.415706 -1501.789039 375.9346862
3422.793825 -1299.74736 154.8177654
2679.757022 -120.2858004 -454.8653472
3362.327565 -1056.171137 -765.9529231
3232.973232 -1102.158965 -501.084226
3304.637101 -945.2936703 -757.3376644
2602.736322 -7.447012059 -493.2754767
3036.713462 141.8251794 -1628.083953
3290.203313 194.1739214 -1357.991038
3666.60637 -1492.669612 719.8223787
2750 141.8251794 -1628.083953
2750 -466.5179295 0
2731.572943 -70.38811317 -364.7245446
3734.302844 78.34674545 -1411.258826
2669.197809 -39.16590503 -444.8726535
3487.408127 -986.1313411 -1510.506169
3365.349493 -1540.125352 -74.57852768
3512.45756 -986.1313411 -1510.506169
3922.173495 -480.9906473 1181.907196
3244.949296 -244.2247964 -1239.393767
3465.891984 -338.5054244 -1523.736845
4239 83.8006961 -1301.466512
2750 -74.09900271 -1196.786528
2965.287589 -102.8866569 -1347.733814
2404.183433 8.650108008 -481.6807473
2750 -1.818989404e-12 -643.0132147
2612.511287 28.94853242 -652.1785947
2451.160174 8.650108008 -481.6807473
2379.902666 24.35605262 -567.4941933
2537.978686 77.79032081 -614.0711705
3530.83968 -1490.558327 -1142.364688
3860.559829 -1290.099032 1267.194885
3967.736075 -1290.099032 1267.194885
2579.566645 -7.447012059 -493.2754767
2893.646403 141.8251794 -1628.083953
4084.952705 -277.5752121 1320.968164
4239 -277.5752121 1320.968164
3553.13201 -1540.125352 -74.57852768
3743.977358 -1988.111963 707.5127126
3654.778959 -1988.111963 707.5127126
3358.233293 155.0795497 -1222.040361
2719.665962 -70.38811317 -364.7245446
3522.26356 -1581.134499 -829.4670915
3448.450356 -1581.134499 -829.4670915
2661.758678 -8.365703352 -470.2282597
3033.892679 353.6352512 -1512.177539
3096.034315 194.1739214 -1357.991038
2750 -68.67052237 -316.3375141
2750 0 -219.9495417
3868.260642 -2010.487988 1581.704368
2750 280.0237169 -1865.546472
2750 -126.7488709 0
3635.873463 83.8006961 -1301.466512
2717.348401 0 -471.4696288
3694.556696 -338.5054244 -1523.736845
3691.5526 -986.1313411 -1510.506169
3594.023077 -1540.125352 -74.57852768
3698.381314 -1357.395839 -1780.970964
4092.487395 -385.7679301 1630.31095
3230.766532 -77.74423653 -1345.008436
3647.567117 -338.5054244 -1523.736845
4239 2.859683676e-12 -1214.231301
2750 -77.74423653 -1345.008436
2577.790707 0.7702386997 -485.7649594
2750 1.818989404e-12 -681.609223
2663.586673 535.3129133 -770.1096037
2624.826579 191.8686026 -572.8713828
2569.416623 83.21279911 -526.7985316
4027.99074 -3387.56799 2591.568941
2647.523604 0.7702386997 -485.7649594
2872.882988 280.0237169 -1865.546472
4239 0 2236.200085
3090.034781 -77.74423653 -1345.008436
4239 0 2236.200085
3763.532323 -2035.813318 -59.03892126
3849.038108 -1988.111963 707.5127126
3188.61886 114.5174953 -1112.617465
2750 0 -471.4696288
2818.313082 45.14183601 -1062.054811
3713.309733 -1494.297095 -1173.828424
3663.261971 -2001.570782 -584.1792351
2763.774045 256.8083938 -525.6641699
2701.949337 0.03096308641 -492.223312
2920.499538 512.8527506 -982.8972986
2972.282378 283.679503 -1144.046755
2832.784143 0 -717.8704826
4000.211306 -3387.56799 2591.568941
2750 0 -2156.588274
2750 597.3901084 0
2750 0 -471.4696288
3210.461832 21.22839659 -1162.905899
3532.990662 24.50677621 -1218.641715
2750 0 -487.8763291
4239 1.382733657e-11 -1839.466316
3943.329059 -410.9449577 -1721.594686
3874.980921 -2288.882485 -1984.725898
3862.258848 -1000.428343 -2274.118004
3873.633023 -801.8786169 -1843.138557
3815.458518 -2035.813318 -59.03892126
3879.284107 -2288.882485 -1984.725898
4239 0 2236.200085
3620.972809 -61.61899187 -1465.691281
2689.256433 0.7702386997 -485.7649594
3591.449109 -5.684869129 -1216.073199
4239 -5.684869129 -1216.073199
2750 -61.61899187 -1465.691281
2662.687065 51.89274566 -482.5720634
2750 535.3129133 -770.1096037
2701.931746 535.3129133 -770.1096037
2674.129427 200.8563204 -499.0545817
3975.661028 -3179.535628 676.4477308
2968.87859 114.5174953 -1112.617465
2837.710622 0 -1087.192517
3861.51362 -2863.609222 -515.2737763
2796.613651 817.0038737 -482.8042943
2727.850699 -0.01471141373 -488.1543662
2813.738061 817.0038737 -482.8042943
2859.504894 542.1552421 -944.5417479
4098.829843 -3179.535628 676.4477308
2750 1313.959786 0
4239 0 -1531.474821
2841.215796 2.032734255 -1172.534113
2984.96897 8.804351027 -1165.537914
2809.093322 0.008268272055 -1202.562121
3173.345727 0.04802015196 -1203.916675
2750 0 -487.8763291
4239 -283.4268269 -1870.27468
4056.175451 -398.1275834 -2097.587165
4051.710873 0 -3944.07776
4057.439304 -1000.428343 -2274.118004
4035.012835 -2601.399096 -31.2150118
4056.411265 -2863.609222 -515.2737763
4239 -3282.736861 0
4239 -40.92295315 -1235.436223
3201.363463 -7.117451497 -1208.650065
2719.106006 6.260341615 -471.9440334
4239 -36.97756099 -1484.41493
3407.166728 -30.51404929 -1460.48717
2750 -0.01471141373 -488.1543662
3577.050973 -69.5178091 -1179.167075
2750 0 -1494.294702
2721.603549 48.38319046 -388.3783367
2750 231.4003689 -273.207734
2729.113963 88.41020367 -399.2989947
2843.529015 -2.409690605 -1200.429441
2933.982 0.009444608787 -1204.684105
2982.79295 0.009444608787 -1204.684105
2815.657484 -15.83294446 -1150.1896
4239 0 -3944.07776
4239 0 -2736.865895
4239 0 -3944.07776
4239 -3088.504345 0
4239 0 -1353.6985
4239 0 -1431.288586
3769.934696 -46.94627327 -1253.517078
2951.495275 -17.30132937 -1172.221962
3163.540747 -69.5178091 -1179.167075
2750 5.495355438e-13 -450.9477731
3638.816929 -41.65257341 -1485.028552
3118.188767 5.456968211e-12 -1564.579556
2750 1.818989404e-12 -357.9913335
2840.310351 -15.83294446 -1150.1896
3310.229486 -172.1028534 -1323.082159
2750 5.456968211e-12 -1564.579556
2750 -7.583255363e-13 -357.9913335
2750 0 -202.6170052
3652.322418 -214.7340811 -1326.521392
2989.476538 -62.16626837 -1162.709003
2795.466765 -39.03727682 -814.590411
2764.792626 -479.6344371 -363.8033445
2910.469638 -175.2888113 -1636.421582
3236.311215 -214.7340811 -1326.521392
3028.438366 -175.2888113 -1636.421582
3274.365909 -133.1923577 -1527.155023
2845.367353 -478.656573 -991.31033
3014.245861 -478.656573 -991.31033
2750 0 -2060.450027
2802.10065 -874.4480722 -543.937399
2750 -586.3156699 0
2881.619521 -175.2888113 -1636.421582
2915.968535 -672.57596 -1336.40144
3058.590741 -672.57596 -1336.40144
2818.893011 -823.1937927 -1167.267987
2871.938166 -478.656573 -991.31033
2750 0 -2060.450027
2750 -874.4480722 -543.937399
